Amazon: 1.0863847732544
Amazon Fire HD 6: 1.0888071060181
baidu: 0.57910203933716
baidu search: 0.74478793144226
Facebook: 1.132963180542
Google: 0.46040797233582
Google search: 0.48200297355652
hao123: 0.94074106216431
LinkedIn: 0.80175805091858
qq.com: 0.64815998077393
qq.com search: 0.25870084762573
sina: 0.84847617149353
taobao: 0.88073396682739
taobao search: 0.625816822052
Twitter: 0.38676309585571
Wikipedia: 0.34789896011353
Wikipedia page: 2.086758852005
Yahoo: 0.29189705848694
Yahoo search: 0.25243282318115
YouTube: 0.70858502388
YouTube video: 0.63758087158203
Amazon: 0.86723113059998
Amazon Fire HD 6: 1.0059270858765
baidu: 0.19015002250671
baidu search: 0.25345182418823
Facebook: 1.0593421459198
Google: 0.38774394989014
Google search: 0.64280700683594
hao123: 0.39165902137756
LinkedIn: 0.89632105827332
qq.com: 0.92178392410278
qq.com search: 0.28188800811768
sina: 0.89543700218201
taobao: 0.88302612304688
taobao search: 0.70799398422241
Twitter: 0.39226102828979
Wikipedia: 0.3228600025177
Wikipedia page: 1.7755551338196
Yahoo: 0.30990314483643
Yahoo search: 0.26090812683105
YouTube: 0.72926020622253
YouTube video: 0.56863689422607
Amazon: 0.91254377365112
Amazon Fire HD 6: 1.6863689422607
baidu: 0.20997309684753
baidu search: 0.27946996688843
Facebook: 1.0687248706818
Google: 0.46527099609375
Google search: 0.46043109893799
hao123: 0.28159594535828
LinkedIn: 0.70015406608582
qq.com: 0.52191495895386
qq.com search: 0.26371002197266
sina: 0.9264280796051
taobao: 0.86627697944641
taobao search: 0.55563712120056
Twitter: 0.33076691627502
Wikipedia: 0.40064096450806
Wikipedia page: 1.8133718967438
Yahoo: 0.27108192443848
Yahoo search: 0.27174210548401
YouTube: 0.8205361366272
YouTube video: 0.68484902381897
