Amazon: 1.1130731105804
Amazon Fire HD 6: 1.3300008773804
baidu: 0.12541794776917
baidu search: 0.19541907310486
Facebook: 0.92112421989441
Google: 0.33825898170471
Google search: 0.41816592216492
hao123: 0.25676107406616
LinkedIn: 0.63792490959167
qq.com: 0.44337105751038
qq.com search: 0.15432095527649
sina: 1.0697350502014
taobao: 2.2622740268707
taobao search: 0.582768201828
Twitter: 0.3592529296875
Wikipedia: 0.38553404808044
Wikipedia page: 1.2686629295349
Yahoo: 0.18520212173462
Yahoo search: 0.19461798667908
YouTube: 0.66895079612732
YouTube video: 0.59831690788269
Amazon: 0.79809308052063
Amazon Fire HD 6: 1.6413018703461
baidu: 0.13027501106262
baidu search: 0.20775413513184
Facebook: 1.3687319755554
Google: 0.32600212097168
Google search: 0.39052700996399
hao123: 0.26071500778198
LinkedIn: 0.6677680015564
qq.com: 0.35336112976074
qq.com search: 0.20195508003235
sina: 0.90902709960938
taobao: 0.93711590766907
taobao search: 0.5286180973053
Twitter: 0.25590109825134
Wikipedia: 0.34741497039795
Wikipedia page: 1.2670848369598
Yahoo: 0.19646596908569
Yahoo search: 0.17143416404724
YouTube: 0.70625710487366
YouTube video: 0.65752696990967
Amazon: 1.1818079948425
Amazon Fire HD 6: 1.6769721508026
baidu: 0.19270086288452
baidu search: 0.28059506416321
Facebook: 1.0074400901794
Google: 0.34750199317932
Google search: 0.37458491325378
hao123: 0.19278812408447
LinkedIn: 0.64568495750427
qq.com: 0.51394104957581
qq.com search: 0.107017993927
sina: 0.76889586448669
taobao: 1.9334950447083
taobao search: 0.53722214698792
Twitter: 0.25279116630554
Wikipedia: 0.2672860622406
Wikipedia page: 1.2253839969635
Yahoo: 0.20999813079834
Yahoo search: 0.18501496315002
YouTube: 0.64018297195435
YouTube video: 0.56271696090698
