Amazon: 1.2867748737335
Amazon Fire HD 6: 1.182384967804
baidu: 0.14264583587646
baidu search: 0.21333503723145
Facebook: 0.93255496025085
Google: 0.34420490264893
Google search: 0.39505696296692
hao123: 0.33807682991028
LinkedIn: 0.73264002799988
qq.com: 0.585294008255
qq.com search: 0.49269986152649
sina: 0.80524802207947
taobao: 1.4993050098419
taobao search: 0.57919788360596
Twitter: 0.30709409713745
Wikipedia: 0.24662613868713
Wikipedia page: 1.4229879379272
Yahoo: 0.22420310974121
Yahoo search: 0.21647691726685
YouTube: 0.67223286628723
YouTube video: 0.56928706169128
Amazon: 0.82930707931519
Amazon Fire HD 6: 1.8374090194702
baidu: 0.18614292144775
baidu search: 0.21426701545715
Facebook: 1.0028700828552
Google: 0.36111497879028
Google search: 0.38569903373718
hao123: 0.20632195472717
LinkedIn: 0.69688320159912
qq.com: 0.35730695724487
qq.com search: 0.15447306632996
sina: 0.76905202865601
taobao: 1.0652410984039
taobao search: 0.6214439868927
Twitter: 0.39803385734558
Wikipedia: 0.27544498443604
Wikipedia page: 1.2431049346924
Yahoo: 0.21949410438538
Yahoo search: 0.26656103134155
YouTube: 0.80362200737
YouTube video: 0.60621094703674
Amazon: 0.85094690322876
Amazon Fire HD 6: 2.1417729854584
baidu: 0.18292689323425
baidu search: 0.22817182540894
Facebook: 0.95977401733398
Google: 0.45151782035828
Google search: 0.81496691703796
hao123: 0.23799204826355
LinkedIn: 0.72429013252258
qq.com: 0.3630518913269
qq.com search: 0.11590790748596
sina: 0.74266386032104
taobao: 1.8843910694122
taobao search: 0.52284002304077
Twitter: 0.29963803291321
Wikipedia: 0.34134197235107
Wikipedia page: 1.4986670017242
Yahoo: 0.25301718711853
Yahoo search: 0.18481111526489
YouTube: 0.67341709136963
YouTube video: 0.68646216392517
