Amazon: 1.1309838294983
Amazon Fire HD 6: 1.1505489349365
baidu: 0.25565886497498
baidu search: 0.73359394073486
Facebook: 0.93873405456543
Google: 0.37504410743713
Google search: 0.43646788597107
hao123: 0.32854104042053
LinkedIn: 0.67219805717468
qq.com: 0.49191308021545
qq.com search: 0.11020016670227
sina: 0.78758788108826
taobao: 0.96884298324585
taobao search: 0.73629212379456
Twitter: 0.42121982574463
Wikipedia: 0.28718590736389
Wikipedia page: 1.3563301563263
Yahoo: 0.26635694503784
Yahoo search: 0.23945999145508
YouTube: 0.88943409919739
YouTube video: 0.5817289352417
Amazon: 1.2847759723663
Amazon Fire HD 6: 1.6268210411072
baidu: 0.16138386726379
baidu search: 0.20613813400269
Facebook: 1.037250995636
Google: 0.3379020690918
Google search: 0.45248508453369
hao123: 0.26124596595764
LinkedIn: 0.84979391098022
qq.com: 0.37723994255066
qq.com search: 0.11375904083252
sina: 0.74390006065369
taobao: 1.1666061878204
taobao search: 0.47036600112915
Twitter: 0.2921040058136
Wikipedia: 0.51668810844421
Wikipedia page: 1.6025140285492
Yahoo: 0.22505497932434
Yahoo search: 0.19437718391418
YouTube: 0.66120195388794
YouTube video: 0.59345102310181
Amazon: 0.98582005500793
Amazon Fire HD 6: 1.2117230892181
baidu: 0.17793989181519
baidu search: 0.22361207008362
Facebook: 1.1654708385468
Google: 0.3640398979187
Google search: 0.38258981704712
hao123: 0.19877290725708
LinkedIn: 0.79052305221558
qq.com: 0.41940999031067
qq.com search: 0.4814338684082
sina: 0.69533395767212
taobao: 1.0491600036621
taobao search: 0.43226385116577
Twitter: 0.2512059211731
Wikipedia: 0.29922485351562
Wikipedia page: 1.3155319690704
Yahoo: 0.26298999786377
Yahoo search: 0.20904493331909
YouTube: 0.81747984886169
YouTube video: 0.84165906906128
