Amazon: 1.2881760597229
Amazon Fire HD 6: 1.4993488788605
baidu: 0.17141890525818
baidu search: 0.22351217269897
Facebook: 0.91318321228027
Google: 0.30707097053528
Google search: 0.49630284309387
hao123: 0.18232703208923
LinkedIn: 0.70155596733093
qq.com: 0.49247097969055
qq.com search: 0.13399600982666
sina: 0.85161209106445
taobao: 1.0502128601074
taobao search: 0.53108501434326
Twitter: 0.30904316902161
Wikipedia: 0.49520301818848
Wikipedia page: 1.2605950832367
Yahoo: 0.2182137966156
Yahoo search: 0.23605918884277
YouTube: 0.70058917999268
YouTube video: 0.42666101455688
Amazon: 1.1139059066772
Amazon Fire HD 6: 1.7898530960083
baidu: 0.16863107681274
baidu search: 0.2335159778595
Facebook: 0.98848009109497
Google: 0.33248400688171
Google search: 0.38944602012634
hao123: 0.19513201713562
LinkedIn: 0.64343881607056
qq.com: 0.46586894989014
qq.com search: 0.098953008651733
sina: 0.75530004501343
taobao: 0.87520122528076
taobao search: 0.59120893478394
Twitter: 1.0075068473816
Wikipedia: 0.3277280330658
Wikipedia page: 1.2917950153351
Yahoo: 0.2688319683075
Yahoo search: 0.22730112075806
YouTube: 0.76776909828186
YouTube video: 0.61885905265808
Amazon: 1.2032210826874
Amazon Fire HD 6: 1.965959072113
baidu: 0.16681504249573
baidu search: 0.25183701515198
Facebook: 1.4365158081055
Google: 0.39286017417908
Google search: 0.42120504379272
hao123: 0.22277688980103
LinkedIn: 0.68370079994202
qq.com: 0.42427897453308
qq.com search: 0.16136407852173
sina: 0.75813889503479
taobao: 0.85452198982239
taobao search: 0.95586514472961
Twitter: 0.38633608818054
Wikipedia: 0.40703797340393
Wikipedia page: 1.6623239517212
Yahoo: 0.25498509407043
Yahoo search: 0.21494793891907
YouTube: 0.79501485824585
YouTube video: 0.42547702789307
