Amazon: 1.0302059650421
Amazon Fire HD 6: 0.98062801361084
baidu: 0.26071691513062
baidu search: 1.8582000732422
Facebook: 1.1845231056213
Google: 0.43329811096191
Google search: 0.44446206092834
hao123: 0.64529514312744
LinkedIn: 0.92751097679138
qq.com: 0.58778619766235
qq.com search: 0.12896490097046
sina: 0.92413377761841
taobao: 0.93482184410095
taobao search: 0.91170907020569
Twitter: 0.38385486602783
Wikipedia: 0.57058501243591
Wikipedia page: 1.7421560287476
Yahoo: 0.36391496658325
Yahoo search: 0.25028300285339
YouTube: 0.773029088974
YouTube video: 1.7346429824829
Amazon: 0.82801198959351
Amazon Fire HD 6: 0.9926450252533
baidu: 0.21644401550293
baidu search: 0.28592395782471
Facebook: 1.3805558681488
Google: 0.68535184860229
Google search: 0.56629991531372
hao123: 0.31679916381836
LinkedIn: 0.81068801879883
qq.com: 0.5310800075531
qq.com search: 0.18047499656677
sina: 0.99485397338867
taobao: 1.4401159286499
taobao search: 0.54701089859009
Twitter: 0.3452320098877
Wikipedia: 0.28357005119324
Wikipedia page: 1.6625080108643
Yahoo: 0.26203107833862
Yahoo search: 0.22000288963318
YouTube: 1.3222601413727
YouTube video: 0.90761303901672
Amazon: 0.87307691574097
Amazon Fire HD 6: 1.1708359718323
baidu: 0.22302103042603
baidu search: 0.28470516204834
Facebook: 1.4111580848694
Google: 0.37787818908691
Google search: 0.41188287734985
hao123: 0.28992581367493
LinkedIn: 0.85108208656311
qq.com: 0.47633814811707
qq.com search: 0.15950012207031
sina: 0.91530799865723
taobao: 1.7582149505615
taobao search: 0.66754007339478
Twitter: 0.33922410011292
Wikipedia: 0.27903199195862
Wikipedia page: 2.0563418865204
Yahoo: 0.36767792701721
Yahoo search: 0.27496981620789
YouTube: 0.80901098251343
YouTube video: 1.3373811244965
