Amazon: 1.0237481594086
Amazon Fire HD 6: 0.97572588920593
baidu: 0.26806211471558
baidu search: 0.73095297813416
Facebook: 1.1242761611938
Google: 0.51338887214661
Google search: 0.52358794212341
hao123: 1.1306829452515
LinkedIn: 0.88613986968994
qq.com: 0.82055902481079
qq.com search: 0.21848797798157
sina: 0.95159912109375
taobao: 1.0088839530945
taobao search: 0.83161211013794
Twitter: 0.41864490509033
Wikipedia: 0.42442584037781
Wikipedia page: 1.8344910144806
Yahoo: 0.28641414642334
Yahoo search: 0.22177696228027
YouTube: 0.70347309112549
YouTube video: 1.0037350654602
Amazon: 0.7493360042572
Amazon Fire HD 6: 1.536698102951
baidu: 0.24791789054871
baidu search: 0.35926103591919
Facebook: 1.4016320705414
Google: 0.60135412216187
Google search: 0.56302499771118
hao123: 0.23553681373596
LinkedIn: 0.80505299568176
qq.com: 0.53775095939636
qq.com search: 0.25528717041016
sina: 1.2640800476074
taobao: 1.0752809047699
taobao search: 0.81672406196594
Twitter: 0.57425212860107
Wikipedia: 0.3673460483551
Wikipedia page: 1.927759885788
Yahoo: 0.30070400238037
Yahoo search: 0.26937389373779
YouTube: 0.87387418746948
YouTube video: 0.58473300933838
Amazon: 0.73235106468201
Amazon Fire HD 6: 1.2654891014099
baidu: 0.54676198959351
baidu search: 0.28012704849243
Facebook: 1.1987180709839
Google: 0.5024299621582
Google search: 0.78102684020996
hao123: 0.25033688545227
LinkedIn: 0.87314319610596
qq.com: 0.4849488735199
qq.com search: 0.17369389533997
sina: 1.1504440307617
taobao: 1.0269000530243
taobao search: 0.62576198577881
Twitter: 0.66916799545288
Wikipedia: 0.90142297744751
Wikipedia page: 1.5825068950653
Yahoo: 0.27821278572083
Yahoo search: 0.23691606521606
YouTube: 0.94669985771179
YouTube video: 0.60491299629211
