Amazon: 0.94316601753235
Amazon Fire HD 6: 0.8757848739624
baidu: 0.24387788772583
baidu search: 1.5009760856628
Facebook: 0.99215698242188
Google: 0.36773896217346
Google search: 0.57854413986206
hao123: 0.78271579742432
LinkedIn: 0.77065587043762
qq.com: 0.74269509315491
qq.com search: 0.27882409095764
sina: 1.0393640995026
taobao: 0.97325778007507
taobao search: 0.64234900474548
Twitter: 0.3934760093689
Wikipedia: 0.37866806983948
Wikipedia page: 1.7117249965668
Yahoo: 0.29081296920776
Yahoo search: 0.23803615570068
YouTube: 0.69049286842346
YouTube video: 0.40887308120728
Amazon: 0.59186506271362
Amazon Fire HD 6: 1.3069269657135
baidu: 0.19458603858948
baidu search: 0.2514431476593
Facebook: 1.2898600101471
Google: 0.45456004142761
Google search: 0.66559982299805
hao123: 0.50573706626892
LinkedIn: 0.9841480255127
qq.com: 0.78886008262634
qq.com search: 0.30091691017151
sina: 0.92806577682495
taobao: 1.205493927002
taobao search: 0.67141222953796
Twitter: 0.36650013923645
Wikipedia: 0.33490180969238
Wikipedia page: 1.7957019805908
Yahoo: 0.61410403251648
Yahoo search: 0.19824409484863
YouTube: 0.77500796318054
YouTube video: 0.37311506271362
Amazon: 0.84919500350952
Amazon Fire HD 6: 0.8384690284729
baidu: 0.20592498779297
baidu search: 0.30887293815613
Facebook: 1.330225944519
Google: 0.39798307418823
Google search: 0.43823099136353
hao123: 0.29412007331848
LinkedIn: 0.92355895042419
qq.com: 0.59661316871643
qq.com search: 0.15021300315857
sina: 1.4680762290955
taobao: 0.92539715766907
taobao search: 0.59650588035583
Twitter: 0.61680102348328
Wikipedia: 0.30799794197083
Wikipedia page: 1.4017100334167
Yahoo: 0.23234105110168
Yahoo search: 0.2288339138031
YouTube: 0.70792484283447
YouTube video: 0.40333700180054
