Amazon: 1.0342659950256
Amazon Fire HD 6: 0.93021202087402
baidu: 0.22441387176514
baidu search: 1.5395259857178
Facebook: 1.1293420791626
Google: 0.44367289543152
Google search: 0.49759316444397
hao123: 0.99524283409119
LinkedIn: 0.89602208137512
qq.com: 0.57719898223877
qq.com search: 0.31008911132812
sina: 0.91914200782776
taobao: 1.050528049469
taobao search: 0.96500205993652
Twitter: 0.38810896873474
Wikipedia: 0.62748384475708
Wikipedia page: 1.7753701210022
Yahoo: 0.37360501289368
Yahoo search: 0.23621797561646
YouTube: 0.7408549785614
YouTube video: 0.41897988319397
Amazon: 1.0840849876404
Amazon Fire HD 6: 1.1355228424072
baidu: 0.26574683189392
baidu search: 0.34754800796509
Facebook: 1.5328979492188
Google: 0.48241806030273
Google search: 0.6030580997467
hao123: 0.42038488388062
LinkedIn: 0.97852396965027
qq.com: 0.62836408615112
qq.com search: 0.23815011978149
sina: 0.9494731426239
taobao: 0.89753293991089
taobao search: 0.74374604225159
Twitter: 0.32744097709656
Wikipedia: 0.31826305389404
Wikipedia page: 1.6740419864655
Yahoo: 0.29378509521484
Yahoo search: 0.23667097091675
YouTube: 1.2497849464417
YouTube video: 0.52732515335083
Amazon: 0.8752019405365
Amazon Fire HD 6: 1.4337379932404
baidu: 0.24958801269531
baidu search: 0.30652904510498
Facebook: 1.1988780498505
Google: 0.44802403450012
Google search: 0.51734709739685
hao123: 0.27130007743835
LinkedIn: 0.86581492424011
qq.com: 0.49422192573547
qq.com search: 0.15638494491577
sina: 0.95213103294373
taobao: 0.95424008369446
taobao search: 0.7383508682251
Twitter: 0.42195081710815
Wikipedia: 0.34871292114258
Wikipedia page: 1.8627510070801
Yahoo: 0.5975329875946
Yahoo search: 0.52376008033752
YouTube: 0.73900604248047
YouTube video: 0.39519691467285
