Amazon: 1.3599832057953
Amazon Fire HD 6: 1.9210150241852
baidu: 0.19626808166504
baidu search: 0.26350998878479
Facebook: 1.1956040859222
Google: 0.42900514602661
Google search: 0.47416186332703
hao123: 0.22637891769409
LinkedIn: 0.90007400512695
qq.com: 0.70877385139465
qq.com search: 0.097203969955444
sina: 0.82186889648438
taobao: 1.2242319583893
taobao search: 0.59353518486023
Twitter: 0.32499003410339
Wikipedia: 0.81838798522949
Wikipedia page: 1.6592409610748
Yahoo: 0.27860999107361
Yahoo search: 0.42053699493408
YouTube: 0.68907284736633
YouTube video: 0.60361695289612
Amazon: 1.2752759456635
Amazon Fire HD 6: 1.8019440174103
baidu: 0.15731310844421
baidu search: 0.27784204483032
Facebook: 1.4908881187439
Google: 0.39213681221008
Google search: 0.41044402122498
hao123: 0.21289396286011
LinkedIn: 0.83974695205688
qq.com: 0.55994009971619
qq.com search: 0.1871030330658
sina: 0.815593957901
taobao: 1.9931371212006
taobao search: 0.59081602096558
Twitter: 0.44977998733521
Wikipedia: 0.42644095420837
Wikipedia page: 1.9687988758087
Yahoo: 0.32027888298035
Yahoo search: 0.25524091720581
YouTube: 0.82146310806274
YouTube video: 0.63419008255005
Amazon: 1.0759401321411
Amazon Fire HD 6: 1.8420031070709
baidu: 0.44781112670898
baidu search: 0.286456823349
Facebook: 1.2518529891968
Google: 0.46366691589355
Google search: 0.51079702377319
hao123: 0.25512003898621
LinkedIn: 1.2670297622681
qq.com: 0.75259399414062
qq.com search: 0.15649199485779
sina: 0.99750018119812
taobao: 1.6001951694489
taobao search: 0.85400199890137
Twitter: 0.52213907241821
Wikipedia: 0.36257600784302
Wikipedia page: 1.457496881485
Yahoo: 0.254967212677
Yahoo search: 0.23117399215698
YouTube: 0.93113803863525
YouTube video: 0.79167509078979
