Amazon: 1.097599029541
Amazon Fire HD 6: 0.94167685508728
baidu: 1.4544360637665
baidu search: 0.70379996299744
Facebook: 1.2154920101166
Google: 0.5165069103241
Google search: 0.48621702194214
hao123: 1.1013789176941
LinkedIn: 0.84888005256653
qq.com: 0.67764902114868
qq.com search: 0.15834188461304
sina: 0.86879515647888
taobao: 0.9883029460907
taobao search: 0.60400199890137
Twitter: 0.40272116661072
Wikipedia: 0.397292137146
Wikipedia page: 1.7064740657806
Yahoo: 0.28934407234192
Yahoo search: 0.21570897102356
YouTube: 0.81362700462341
YouTube video: 2.0612561702728
Amazon: 0.86128783226013
Amazon Fire HD 6: 1.034775018692
baidu: 0.22318315505981
baidu search: 0.26859402656555
Facebook: 1.2149710655212
Google: 0.44820404052734
Google search: 0.63382291793823
hao123: 0.43913793563843
LinkedIn: 0.86748504638672
qq.com: 0.59171009063721
qq.com search: 0.24606800079346
sina: 1.3243551254272
taobao: 1.0204281806946
taobao search: 0.84214806556702
Twitter: 0.32961297035217
Wikipedia: 0.32685899734497
Wikipedia page: 2.067409992218
Yahoo: 0.33535504341125
Yahoo search: 0.31650900840759
YouTube: 1.0608789920807
YouTube video: 0.52490496635437
Amazon: 0.70830512046814
Amazon Fire HD 6: 1.0859560966492
baidu: 0.20412397384644
baidu search: 0.30437803268433
Facebook: 1.13534116745
Google: 0.4518358707428
Google search: 0.48352599143982
hao123: 0.41993618011475
LinkedIn: 1.1506209373474
qq.com: 0.45348119735718
qq.com search: 0.15129804611206
sina: 0.89411401748657
taobao: 1.1638889312744
taobao search: 0.60285401344299
Twitter: 0.3853759765625
Wikipedia: 0.3587749004364
Wikipedia page: 1.4382860660553
Yahoo: 0.25747394561768
Yahoo search: 0.22939586639404
YouTube: 0.92364907264709
YouTube video: 1.0476729869843
