Amazon: 1.1658108234406
Amazon Fire HD 6: 1.1627490520477
baidu: 0.14966702461243
baidu search: 0.21812605857849
Facebook: 0.65762305259705
Google: 0.79454302787781
Google search: 0.3863320350647
hao123: 0.3027970790863
LinkedIn: 0.8035831451416
qq.com: 0.51985502243042
qq.com search: 0.11555981636047
sina: 0.87604308128357
taobao: 1.3159961700439
taobao search: 0.84957408905029
Twitter: 0.30919003486633
Wikipedia: 0.24851298332214
Wikipedia page: 1.683137178421
Yahoo: 0.2232129573822
Yahoo search: 0.20760989189148
YouTube: 0.83247089385986
YouTube video: 12.145202875137
Amazon: 0.9105122089386
Amazon Fire HD 6: 1.3417329788208
baidu: 0.14094114303589
baidu search: 0.21586513519287
Facebook: 0.64160490036011
Google: 0.38930702209473
Google search: 0.43398404121399
hao123: 0.31610083580017
LinkedIn: 0.89220094680786
qq.com: 0.3497359752655
qq.com search: 0.14218091964722
sina: 0.75083112716675
taobao: 1.0735659599304
taobao search: 0.67449498176575
Twitter: 0.29192495346069
Wikipedia: 0.27524399757385
Wikipedia page: 1.319139957428
Yahoo: 0.24247288703918
Yahoo search: 0.20063400268555
YouTube: 1.0562469959259
YouTube video: 0.55030584335327
Amazon: 1.1837589740753
Amazon Fire HD 6: 1.8126530647278
baidu: 0.19436478614807
baidu search: 0.22213697433472
Facebook: 1.0262520313263
Google: 0.39390897750854
Google search: 0.40003705024719
hao123: 0.21665215492249
LinkedIn: 0.66813397407532
qq.com: 0.47675895690918
qq.com search: 0.16013193130493
sina: 0.838534116745
taobao: 0.8067409992218
taobao search: 0.61332106590271
Twitter: 0.33816599845886
Wikipedia: 0.24231481552124
Wikipedia page: 1.7542200088501
Yahoo: 0.28212809562683
Yahoo search: 0.20603108406067
YouTube: 0.75507187843323
YouTube video: 0.59925007820129
