Amazon: 0.99041604995728
Amazon Fire HD 6: 1.0055959224701
baidu: 1.3965580463409
baidu search: 0.72917699813843
Facebook: 1.3488538265228
Google: 0.56130504608154
Google search: 0.76896214485168
hao123: 1.2180590629578
LinkedIn: 1.0933542251587
qq.com: 0.54254603385925
qq.com search: 0.20377206802368
sina: 0.8705780506134
taobao: 0.94587993621826
taobao search: 0.72846603393555
Twitter: 0.50743412971497
Wikipedia: 0.44825196266174
Wikipedia page: 1.9107060432434
Yahoo: 0.29914212226868
Yahoo search: 0.24400019645691
YouTube: 0.87692999839783
YouTube video: 1.8204030990601
Amazon: 0.99883103370667
Amazon Fire HD 6: 1.3038079738617
baidu: 0.27371907234192
baidu search: 0.62012696266174
Facebook: 1.2275059223175
Google: 0.45493602752686
Google search: 0.51135802268982
hao123: 0.22446608543396
LinkedIn: 1.0460188388824
qq.com: 0.79000997543335
qq.com search: 0.48113894462585
sina: 0.96580696105957
taobao: 1.3087630271912
taobao search: 1.2691738605499
Twitter: 0.34759902954102
Wikipedia: 0.48768901824951
Wikipedia page: 1.4695310592651
Yahoo: 0.2646210193634
Yahoo search: 0.28824090957642
YouTube: 0.79956388473511
YouTube video: 0.92107892036438
Amazon: 0.9850869178772
Amazon Fire HD 6: 1.5052230358124
baidu: 0.24865293502808
baidu search: 0.30791783332825
Facebook: 1.630026102066
Google: 0.36993002891541
Google search: 0.41706609725952
hao123: 0.2526068687439
LinkedIn: 0.83493399620056
qq.com: 0.55506992340088
qq.com search: 0.17190599441528
sina: 0.85489010810852
taobao: 1.3738300800323
taobao search: 0.83965682983398
Twitter: 0.41331505775452
Wikipedia: 0.33434581756592
Wikipedia page: 1.8920850753784
Yahoo: 0.25896000862122
Yahoo search: 0.25455021858215
YouTube: 0.80699491500854
YouTube video: 0.43166899681091
