Amazon: 1.294960975647
Amazon Fire HD 6: 1.3565120697021
baidu: 0.20545101165771
baidu search: 0.32555603981018
Facebook: 1.2568120956421
Google: 0.41952586174011
Google search: 0.64061594009399
hao123: 0.19642186164856
LinkedIn: 0.79988098144531
qq.com: 0.48015904426575
qq.com search: 0.10618996620178
sina: 1.0459499359131
taobao: 1.0274701118469
taobao search: 0.69673180580139
Twitter: 0.31592178344727
Wikipedia: 0.3006420135498
Wikipedia page: 1.4266231060028
Yahoo: 0.22683382034302
Yahoo search: 0.22180604934692
YouTube: 0.73086810112
YouTube video: 0.4385290145874
Amazon: 0.88613104820251
Amazon Fire HD 6: 1.6674160957336
baidu: 0.19869804382324
baidu search: 0.3292510509491
Facebook: 1.4155659675598
Google: 0.38529396057129
Google search: 0.46036410331726
hao123: 0.4057240486145
LinkedIn: 0.78350877761841
qq.com: 0.48068284988403
qq.com search: 0.13989496231079
sina: 0.99589800834656
taobao: 0.93291902542114
taobao search: 0.67230892181396
Twitter: 0.31958198547363
Wikipedia: 0.34138083457947
Wikipedia page: 1.5991299152374
Yahoo: 0.23279309272766
Yahoo search: 0.21503019332886
YouTube: 0.7774670124054
YouTube video: 0.4233500957489
Amazon: 0.98158693313599
Amazon Fire HD 6: 1.4470181465149
baidu: 0.15027499198914
baidu search: 0.22311615943909
Facebook: 1.1311838626862
Google: 0.45322918891907
Google search: 0.43568086624146
hao123: 0.33225178718567
LinkedIn: 0.84455919265747
qq.com: 0.66430997848511
qq.com search: 0.18425798416138
sina: 0.96062302589417
taobao: 0.87689781188965
taobao search: 0.65556001663208
Twitter: 0.41600489616394
Wikipedia: 0.3449399471283
Wikipedia page: 1.2005219459534
Yahoo: 0.254723072052
Yahoo search: 0.19590902328491
YouTube: 0.70076203346252
YouTube video: 0.42095899581909
