Amazon: 1.4835119247437
Amazon Fire HD 6: 1.32563996315
baidu: 0.78317904472351
baidu search: 0.23296499252319
Facebook: 1.311047077179
Google: 0.39568901062012
Google search: 0.43955993652344
hao123: 0.27124905586243
LinkedIn: 0.82081699371338
qq.com: 0.45833492279053
qq.com search: 0.14561200141907
sina: 0.75510907173157
taobao: 1.0112988948822
taobao search: 0.64636421203613
Twitter: 0.45443296432495
Wikipedia: 0.32195591926575
Wikipedia page: 1.6865110397339
Yahoo: 0.24326086044312
Yahoo search: 0.22986006736755
YouTube: 0.76515007019043
YouTube video: 0.39201903343201
Amazon: 1.0667459964752
Amazon Fire HD 6: 2.1790699958801
baidu: 0.17329096794128
baidu search: 0.23991417884827
Facebook: 1.4836008548737
Google: 0.39021396636963
Google search: 0.53451895713806
hao123: 0.25871706008911
LinkedIn: 0.78500199317932
qq.com: 0.44170117378235
qq.com search: 0.14793086051941
sina: 0.91824007034302
taobao: 0.95879697799683
taobao search: 0.74252319335938
Twitter: 0.28376698493958
Wikipedia: 0.32951402664185
Wikipedia page: 1.6752939224243
Yahoo: 0.26148390769958
Yahoo search: 0.19911217689514
YouTube: 0.79254698753357
YouTube video: 0.45988202095032
Amazon: 1.4570097923279
Amazon Fire HD 6: 1.7001459598541
baidu: 0.18215417861938
baidu search: 0.23289585113525
Facebook: 1.257798910141
Google: 0.42793011665344
Google search: 0.71191596984863
hao123: 0.33945989608765
LinkedIn: 0.65829300880432
qq.com: 0.37449193000793
qq.com search: 0.41247892379761
sina: 0.72108697891235
taobao: 0.80021905899048
taobao search: 0.58175802230835
Twitter: 0.355544090271
Wikipedia: 0.39536285400391
Wikipedia page: 1.6384358406067
Yahoo: 0.25658202171326
Yahoo search: 0.55644798278809
YouTube: 0.71560096740723
YouTube video: 0.83938384056091
