Amazon: 1.0084698200226
Amazon Fire HD 6: 0.90783905982971
baidu: 0.24959111213684
baidu search: 1.6398119926453
Facebook: 1.1527941226959
Google: 0.43334317207336
Google search: 0.47156500816345
hao123: 0.76082515716553
LinkedIn: 0.8423159122467
qq.com: 0.52569484710693
qq.com search: 0.23330307006836
sina: 1.0852000713348
taobao: 0.94494199752808
taobao search: 0.59034585952759
Twitter: 0.4831919670105
Wikipedia: 0.54621410369873
Wikipedia page: 1.7257390022278
Yahoo: 0.29205584526062
Yahoo search: 0.22441101074219
YouTube: 0.71525502204895
YouTube video: 0.54066109657288
Amazon: 0.57337212562561
Amazon Fire HD 6: 1.4028739929199
baidu: 0.23796606063843
baidu search: 0.27535605430603
Facebook: 1.3646540641785
Google: 0.46823692321777
Google search: 0.58175706863403
hao123: 0.41287779808044
LinkedIn: 1.0115258693695
qq.com: 0.7801411151886
qq.com search: 0.30593514442444
sina: 0.9862048625946
taobao: 1.2067451477051
taobao search: 0.7493941783905
Twitter: 0.34798002243042
Wikipedia: 0.34666299819946
Wikipedia page: 1.3473989963531
Yahoo: 0.26345705986023
Yahoo search: 0.21587991714478
YouTube: 0.72651100158691
YouTube video: 0.36652803421021
Amazon: 0.94789695739746
Amazon Fire HD 6: 1.1772620677948
baidu: 0.22018790245056
baidu search: 0.28481411933899
Facebook: 1.2190208435059
Google: 0.46261692047119
Google search: 0.61384797096252
hao123: 0.36161398887634
LinkedIn: 0.9179379940033
qq.com: 0.59706711769104
qq.com search: 0.21745991706848
sina: 1.3014030456543
taobao: 1.1675200462341
taobao search: 0.75380682945251
Twitter: 0.36469697952271
Wikipedia: 0.37834095954895
Wikipedia page: 1.4542920589447
Yahoo: 0.23608207702637
Yahoo search: 0.23888301849365
YouTube: 1.2398788928986
YouTube video: 0.51129007339478
