Amazon: 1.1551280021667
Amazon Fire HD 6: 1.5264778137207
baidu: 0.58420395851135
baidu search: 0.26177906990051
Facebook: 0.98773694038391
Google: 0.37685394287109
Google search: 0.44154906272888
hao123: 0.34766817092896
LinkedIn: 0.89672803878784
qq.com: 0.45913696289062
qq.com search: 0.10517883300781
sina: 0.79664993286133
taobao: 2.1851480007172
taobao search: 0.57798004150391
Twitter: 0.30549001693726
Wikipedia: 0.36374592781067
Wikipedia page: 1.4771308898926
Yahoo: 0.18347501754761
Yahoo search: 0.17805600166321
YouTube: 0.65070009231567
YouTube video: 0.61731100082397
Amazon: 1.6694087982178
Amazon Fire HD 6: 1.5093929767609
baidu: 0.1461169719696
baidu search: 0.30784702301025
Facebook: 1.3424098491669
Google: 0.4081130027771
Google search: 0.42216300964355
hao123: 0.29200005531311
LinkedIn: 0.75544404983521
qq.com: 0.41172409057617
qq.com search: 0.15667796134949
sina: 0.77951216697693
taobao: 2.2596530914307
taobao search: 0.67660093307495
Twitter: 0.27787709236145
Wikipedia: 0.29933905601501
Wikipedia page: 1.2319881916046
Yahoo: 0.27254605293274
Yahoo search: 0.63731408119202
YouTube: 0.62761902809143
YouTube video: 0.58829998970032
Amazon: 1.0285179615021
Amazon Fire HD 6: 1.82577085495
baidu: 0.17678117752075
baidu search: 0.26746106147766
Facebook: 1.1846499443054
Google: 0.47222995758057
Google search: 0.52366185188293
hao123: 0.35328412055969
LinkedIn: 0.79448890686035
qq.com: 0.49953198432922
qq.com search: 0.12612295150757
sina: 0.79004693031311
taobao: 1.0472609996796
taobao search: 1.1090271472931
Twitter: 0.28198218345642
Wikipedia: 0.3433051109314
Wikipedia page: 1.6219229698181
Yahoo: 0.34452295303345
Yahoo search: 0.46815299987793
YouTube: 0.68454098701477
YouTube video: 0.62240195274353
