Amazon: 1.1087338924408
Amazon Fire HD 6: 0.92067098617554
baidu: 1.4171299934387
baidu search: 0.69672608375549
Facebook: 1.1521601676941
Google: 0.48510885238647
Google search: 0.71035003662109
hao123: 0.91424798965454
LinkedIn: 0.99342608451843
qq.com: 0.73633885383606
qq.com search: 0.17148900032043
sina: 0.90592503547668
taobao: 0.87844514846802
taobao search: 0.71225380897522
Twitter: 0.36919498443604
Wikipedia: 0.33939695358276
Wikipedia page: 1.8153250217438
Yahoo: 0.29167199134827
Yahoo search: 0.22986793518066
YouTube: 0.81845211982727
YouTube video: 1.5725791454315
Amazon: 0.81174397468567
Amazon Fire HD 6: 1.0380680561066
baidu: 0.24208283424377
baidu search: 0.28892993927002
Facebook: 1.2378339767456
Google: 0.56613492965698
Google search: 0.58834290504456
hao123: 0.28358507156372
LinkedIn: 1.1394150257111
qq.com: 0.48050212860107
qq.com search: 0.16894698143005
sina: 0.84814810752869
taobao: 1.4159350395203
taobao search: 0.68745398521423
Twitter: 0.32302904129028
Wikipedia: 0.27451586723328
Wikipedia page: 1.8801128864288
Yahoo: 0.3049521446228
Yahoo search: 0.26462197303772
YouTube: 0.79867792129517
YouTube video: 1.0989310741425
Amazon: 0.86490106582642
Amazon Fire HD 6: 1.4707791805267
baidu: 0.22460293769836
baidu search: 0.27198886871338
Facebook: 1.0813269615173
Google: 0.41191792488098
Google search: 0.53605079650879
hao123: 0.27807307243347
LinkedIn: 1.1845169067383
qq.com: 0.58055996894836
qq.com search: 0.52751088142395
sina: 0.84025192260742
taobao: 1.9142470359802
taobao search: 0.58325505256653
Twitter: 0.31142997741699
Wikipedia: 0.27191400527954
Wikipedia page: 1.54234790802
Yahoo: 0.26418304443359
Yahoo search: 0.21516895294189
YouTube: 0.84128403663635
YouTube video: 0.93551802635193
