Amazon: 1.1692819595337
Amazon Fire HD 6: 1.328516960144
baidu: 0.16073298454285
baidu search: 0.26028800010681
Facebook: 1.1275777816772
Google: 0.42106580734253
Google search: 0.5667929649353
hao123: 0.32724499702454
LinkedIn: 0.8568229675293
qq.com: 0.60437989234924
qq.com search: 0.23719000816345
sina: 0.93991208076477
taobao: 1.3962881565094
taobao search: 0.81247091293335
Twitter: 0.37791895866394
Wikipedia: 0.28860306739807
Wikipedia page: 2.1313030719757
Yahoo: 0.23285603523254
Yahoo search: 0.24795317649841
YouTube: 0.78717422485352
YouTube video: 1.1500599384308
Amazon: 0.90631294250488
Amazon Fire HD 6: 1.4310221672058
baidu: 0.20253491401672
baidu search: 0.26460385322571
Facebook: 1.4058969020844
Google: 0.40797686576843
Google search: 0.48553919792175
hao123: 0.27041292190552
LinkedIn: 0.9497230052948
qq.com: 0.43798017501831
qq.com search: 0.13959312438965
sina: 0.84543108940125
taobao: 0.96976900100708
taobao search: 0.65908408164978
Twitter: 0.44669198989868
Wikipedia: 0.39298987388611
Wikipedia page: 2.0107161998749
Yahoo: 0.33603310585022
Yahoo search: 0.1974139213562
YouTube: 0.99653220176697
YouTube video: 0.35002398490906
Amazon: 1.1345400810242
Amazon Fire HD 6: 1.3625538349152
baidu: 0.14686179161072
baidu search: 0.21567106246948
Facebook: 1.0971739292145
Google: 0.35201692581177
Google search: 0.47414803504944
hao123: 0.35446691513062
LinkedIn: 0.68436002731323
qq.com: 0.40401601791382
qq.com search: 0.12440299987793
sina: 0.71313810348511
taobao: 1.1368119716644
taobao search: 0.60182905197144
Twitter: 0.31445479393005
Wikipedia: 0.2483241558075
Wikipedia page: 1.6765480041504
Yahoo: 0.2788360118866
Yahoo search: 0.23772788047791
YouTube: 0.70672106742859
YouTube video: 0.70600700378418
