Amazon: 0.95214200019836
Amazon Fire HD 6: 0.91396188735962
baidu: 0.27263402938843
baidu search: 1.6427438259125
Facebook: 1.1834759712219
Google: 0.48462009429932
Google search: 0.46633505821228
hao123: 0.64762210845947
LinkedIn: 0.79192185401917
qq.com: 0.57525706291199
qq.com search: 0.17136406898499
sina: 0.97710108757019
taobao: 1.0244300365448
taobao search: 0.72964096069336
Twitter: 0.40346908569336
Wikipedia: 0.4550929069519
Wikipedia page: 1.8960781097412
Yahoo: 0.29168796539307
Yahoo search: 0.22056412696838
YouTube: 0.73416304588318
YouTube video: 0.43902087211609
Amazon: 0.62131190299988
Amazon Fire HD 6: 1.5047972202301
baidu: 0.27463889122009
baidu search: 0.30334997177124
Facebook: 1.6415359973907
Google: 0.45219278335571
Google search: 0.57452702522278
hao123: 0.39916396141052
LinkedIn: 1.0820279121399
qq.com: 0.53124094009399
qq.com search: 0.22878789901733
sina: 0.94751787185669
taobao: 0.97401595115662
taobao search: 0.74977087974548
Twitter: 0.33400988578796
Wikipedia: 0.40100312232971
Wikipedia page: 1.64772605896
Yahoo: 0.23788499832153
Yahoo search: 0.21540999412537
YouTube: 0.70947098731995
YouTube video: 0.35040593147278
Amazon: 0.74180293083191
Amazon Fire HD 6: 1.4684009552002
baidu: 0.21162009239197
baidu search: 0.27021408081055
Facebook: 1.2052869796753
Google: 0.46913599967957
Google search: 0.56627082824707
hao123: 0.38789391517639
LinkedIn: 0.90751600265503
qq.com: 0.90262889862061
qq.com search: 0.41163086891174
sina: 1.4358971118927
taobao: 1.2678229808807
taobao search: 0.89067888259888
Twitter: 0.33869194984436
Wikipedia: 0.35341000556946
Wikipedia page: 1.363018989563
Yahoo: 0.31982398033142
Yahoo search: 0.26958608627319
YouTube: 0.95191407203674
YouTube video: 0.61383104324341
