Amazon: 1.1078741550446
Amazon Fire HD 6: 1.0185000896454
baidu: 1.5886130332947
baidu search: 0.69990015029907
Facebook: 1.0495140552521
Google: 0.43099689483643
Google search: 0.53492116928101
hao123: 0.81037211418152
LinkedIn: 0.77701115608215
qq.com: 0.86659002304077
qq.com search: 0.19036197662354
sina: 0.86663007736206
taobao: 1.0121290683746
taobao search: 0.61752486228943
Twitter: 0.39653205871582
Wikipedia: 0.37435412406921
Wikipedia page: 1.6943080425262
Yahoo: 0.27785110473633
Yahoo search: 0.20304894447327
YouTube: 0.73304915428162
YouTube video: 2.2777650356293
Amazon: 0.769690990448
Amazon Fire HD 6: 1.4866371154785
baidu: 0.24714398384094
baidu search: 0.26955103874207
Facebook: 1.3035609722137
Google: 0.43514490127563
Google search: 0.48199582099915
hao123: 0.26147699356079
LinkedIn: 0.73132300376892
qq.com: 0.49781107902527
qq.com search: 0.19089198112488
sina: 0.81777882575989
taobao: 1.0599570274353
taobao search: 0.70611596107483
Twitter: 0.61943197250366
Wikipedia: 0.35022306442261
Wikipedia page: 2.1579210758209
Yahoo: 0.48152995109558
Yahoo search: 0.25467920303345
YouTube: 0.76546120643616
YouTube video: 0.65929317474365
Amazon: 0.62192511558533
Amazon Fire HD 6: 1.2020330429077
baidu: 0.24039101600647
baidu search: 0.71189212799072
Facebook: 1.2919120788574
Google: 0.4162061214447
Google search: 0.61826181411743
hao123: 0.44166302680969
LinkedIn: 0.77142095565796
qq.com: 0.51221013069153
qq.com search: 0.15293192863464
sina: 0.97681999206543
taobao: 1.0121779441833
taobao search: 0.57630491256714
Twitter: 0.43755602836609
Wikipedia: 0.63346195220947
Wikipedia page: 1.4970910549164
Yahoo: 0.27561688423157
Yahoo search: 0.21776700019836
YouTube: 0.91647100448608
YouTube video: 1.0713658332825
