Amazon: 1.1415040493011
Amazon Fire HD 6: 1.2896859645844
baidu: 0.15079402923584
baidu search: 0.22742390632629
Facebook: 1.5794880390167
Google: 0.40178203582764
Google search: 0.51628518104553
hao123: 0.32611179351807
LinkedIn: 0.84240484237671
qq.com: 0.67366719245911
qq.com search: 0.14705276489258
sina: 1.0934720039368
taobao: 1.0007870197296
taobao search: 0.64971494674683
Twitter: 0.39946818351746
Wikipedia: 0.37917399406433
Wikipedia page: 1.5933170318604
Yahoo: 0.23537302017212
Yahoo search: 0.22770595550537
YouTube: 0.84841680526733
YouTube video: 0.39346790313721
Amazon: 0.91467189788818
Amazon Fire HD 6: 2.0967519283295
baidu: 0.15728306770325
baidu search: 0.25450897216797
Facebook: 1.0937769412994
Google: 0.39934992790222
Google search: 0.47546720504761
hao123: 0.26906800270081
LinkedIn: 0.73902797698975
qq.com: 0.51507806777954
qq.com search: 0.16630005836487
sina: 1.0272660255432
taobao: 0.91573095321655
taobao search: 0.62429904937744
Twitter: 0.6203510761261
Wikipedia: 0.37712502479553
Wikipedia page: 1.6401579380035
Yahoo: 0.27236580848694
Yahoo search: 0.21619582176208
YouTube: 0.79668188095093
YouTube video: 0.31844401359558
Amazon: 1.3409190177917
Amazon Fire HD 6: 1.5478539466858
baidu: 0.236732006073
baidu search: 0.3431351184845
Facebook: 1.5344190597534
Google: 0.4044361114502
Google search: 0.49872398376465
hao123: 0.34763288497925
LinkedIn: 0.83030009269714
qq.com: 0.55956506729126
qq.com search: 0.12593507766724
sina: 0.95048809051514
taobao: 0.99953198432922
taobao search: 0.70760107040405
Twitter: 0.51623797416687
Wikipedia: 0.32896304130554
Wikipedia page: 2.1587209701538
Yahoo: 0.25416493415833
Yahoo search: 0.18395495414734
YouTube: 0.69054293632507
YouTube video: 0.59953689575195
