Amazon: 1.4062929153442
Amazon Fire HD 6: 1.662623167038
baidu: 0.62268805503845
baidu search: 0.25116395950317
Facebook: 1.1615030765533
Google: 0.38900113105774
Google search: 0.50943899154663
hao123: 0.29576992988586
LinkedIn: 0.8508198261261
qq.com: 0.600172996521
qq.com search: 0.29672002792358
sina: 0.91722893714905
taobao: 1.1077280044556
taobao search: 0.7840039730072
Twitter: 0.36928415298462
Wikipedia: 0.70058989524841
Wikipedia page: 1.6612648963928
Yahoo: 0.3215970993042
Yahoo search: 0.27108716964722
YouTube: 0.97228097915649
YouTube video: 0.91331815719604
Amazon: 1.0965270996094
Amazon Fire HD 6: 1.521332025528
baidu: 0.17427706718445
baidu search: 0.2547779083252
Facebook: 1.3330512046814
Google: 0.43376302719116
Google search: 0.50273990631104
hao123: 0.21123600006104
LinkedIn: 0.7817599773407
qq.com: 0.48413681983948
qq.com search: 0.18115592002869
sina: 0.8940269947052
taobao: 0.79534697532654
taobao search: 0.74484205245972
Twitter: 0.36633205413818
Wikipedia: 0.34900784492493
Wikipedia page: 1.9787909984589
Yahoo: 0.31234121322632
Yahoo search: 0.2157609462738
YouTube: 0.79261302947998
YouTube video: 0.55901885032654
Amazon: 1.0204749107361
Amazon Fire HD 6: 1.9619300365448
baidu: 0.15253686904907
baidu search: 0.23570489883423
Facebook: 0.96572804450989
Google: 0.33611392974854
Google search: 0.41172003746033
hao123: 0.24605989456177
LinkedIn: 0.65950512886047
qq.com: 0.39253497123718
qq.com search: 0.13809204101562
sina: 0.72741484642029
taobao: 0.86506795883179
taobao search: 0.61583495140076
Twitter: 0.32798910140991
Wikipedia: 0.52307796478271
Wikipedia page: 1.6224000453949
Yahoo: 0.28624796867371
Yahoo search: 0.19250297546387
YouTube: 0.73182702064514
YouTube video: 0.47077512741089
