Amazon: 1.0419919490814
Amazon Fire HD 6: 0.95048689842224
baidu: 0.25759100914001
baidu search: 1.5353021621704
Facebook: 1.1703569889069
Google: 0.43155717849731
Google search: 0.47091794013977
hao123: 0.74043393135071
LinkedIn: 0.78633117675781
qq.com: 0.57332301139832
qq.com search: 0.24220395088196
sina: 1.0891828536987
taobao: 0.96039605140686
taobao search: 0.71316909790039
Twitter: 0.50515508651733
Wikipedia: 0.38605713844299
Wikipedia page: 1.6884460449219
Yahoo: 0.28937387466431
Yahoo search: 0.23254990577698
YouTube: 0.91513395309448
YouTube video: 0.45189905166626
Amazon: 0.6093430519104
Amazon Fire HD 6: 0.95114398002625
baidu: 0.19415903091431
baidu search: 0.31966114044189
Facebook: 1.1895279884338
Google: 0.45019698143005
Google search: 0.6770281791687
hao123: 0.66953587532043
LinkedIn: 0.87568593025208
qq.com: 0.77006506919861
qq.com search: 0.37593603134155
sina: 1.1874861717224
taobao: 1.0218689441681
taobao search: 0.82326102256775
Twitter: 0.52975392341614
Wikipedia: 0.45080995559692
Wikipedia page: 1.6070461273193
Yahoo: 0.29084086418152
Yahoo search: 0.20580506324768
YouTube: 1.1244778633118
YouTube video: 1.5028309822083
Amazon: 0.63970994949341
Amazon Fire HD 6: 1.0226418972015
baidu: 0.23716902732849
baidu search: 0.35852694511414
Facebook: 1.820296049118
Google: 0.43995499610901
Google search: 0.45315408706665
hao123: 0.28240609169006
LinkedIn: 0.95301699638367
qq.com: 0.64757490158081
qq.com search: 0.34941697120667
sina: 0.86505198478699
taobao: 1.2835118770599
taobao search: 0.75901913642883
Twitter: 0.38146686553955
Wikipedia: 0.36633110046387
Wikipedia page: 2.058737039566
Yahoo: 0.30054306983948
Yahoo search: 0.18219709396362
YouTube: 0.76609802246094
YouTube video: 0.70436596870422
