Amazon: 1.1038551330566
Amazon Fire HD 6: 1.0907270908356
baidu: 0.31470108032227
baidu search: 1.770122051239
Facebook: 1.517126083374
Google: 0.5596649646759
Google search: 0.64108109474182
hao123: 1.0263590812683
LinkedIn: 1.1801950931549
qq.com: 0.51971101760864
qq.com search: 0.21188592910767
sina: 0.96938514709473
taobao: 0.92038106918335
taobao search: 0.59879589080811
Twitter: 0.52236008644104
Wikipedia: 0.48569822311401
Wikipedia page: 1.9747951030731
Yahoo: 0.29613494873047
Yahoo search: 0.25205183029175
YouTube: 0.76408505439758
YouTube video: 1.9368889331818
Amazon: 0.81657695770264
Amazon Fire HD 6: 1.5305328369141
baidu: 0.42480397224426
baidu search: 0.31090402603149
Facebook: 1.4633960723877
Google: 0.43470811843872
Google search: 0.61877799034119
hao123: 0.43103909492493
LinkedIn: 1.4927129745483
qq.com: 0.63042211532593
qq.com search: 0.29888701438904
sina: 1.3268818855286
taobao: 0.95128798484802
taobao search: 0.69924688339233
Twitter: 0.3934018611908
Wikipedia: 0.41372895240784
Wikipedia page: 1.9835109710693
Yahoo: 0.2773118019104
Yahoo search: 0.29599595069885
YouTube: 1.1669628620148
YouTube video: 1.3826820850372
Amazon: 0.77508211135864
Amazon Fire HD 6: 1.3607270717621
baidu: 0.15661001205444
baidu search: 0.30965805053711
Facebook: 1.3343160152435
Google: 0.45831894874573
Google search: 0.54855394363403
hao123: 0.43001914024353
LinkedIn: 1.1427631378174
qq.com: 0.54527187347412
qq.com search: 0.18487286567688
sina: 1.0634949207306
taobao: 2.0460929870605
taobao search: 0.64421510696411
Twitter: 0.45019793510437
Wikipedia: 0.50474905967712
Wikipedia page: 2.0014269351959
Yahoo: 0.28213596343994
Yahoo search: 0.44736504554749
YouTube: 0.82658386230469
YouTube video: 0.51578903198242
