Amazon: 1.2230980396271
Amazon Fire HD 6: 1.3241410255432
baidu: 0.19974207878113
baidu search: 0.22057890892029
Facebook: 1.1027460098267
Google: 0.37742614746094
Google search: 0.44557404518127
hao123: 0.52944111824036
LinkedIn: 0.82184600830078
qq.com: 0.59867596626282
qq.com search: 0.17349791526794
sina: 0.82334899902344
taobao: 0.93350005149841
taobao search: 0.93592405319214
Twitter: 0.43119788169861
Wikipedia: 0.36112594604492
Wikipedia page: 1.6701431274414
Yahoo: 0.22062206268311
Yahoo search: 0.18514204025269
YouTube: 0.65411305427551
YouTube video: 0.39166188240051
Amazon: 0.83145999908447
Amazon Fire HD 6: 1.399454832077
baidu: 0.14343905448914
baidu search: 0.20562791824341
Facebook: 1.403167963028
Google: 0.37944197654724
Google search: 0.41133904457092
hao123: 0.32317805290222
LinkedIn: 0.67969179153442
qq.com: 0.37992787361145
qq.com search: 0.15516209602356
sina: 1.1524658203125
taobao: 0.89707398414612
taobao search: 0.80839395523071
Twitter: 0.40070486068726
Wikipedia: 0.30534505844116
Wikipedia page: 1.3375420570374
Yahoo: 0.22381496429443
Yahoo search: 0.1859188079834
YouTube: 0.73170900344849
YouTube video: 0.3976149559021
Amazon: 0.80314588546753
Amazon Fire HD 6: 1.2079019546509
baidu: 0.43657517433167
baidu search: 0.21111607551575
Facebook: 1.3623859882355
Google: 0.32254409790039
Google search: 0.34607720375061
hao123: 0.34251499176025
LinkedIn: 0.7235050201416
qq.com: 0.42722606658936
qq.com search: 0.12614417076111
sina: 0.80993986129761
taobao: 0.77265000343323
taobao search: 0.55632591247559
Twitter: 0.31053018569946
Wikipedia: 0.26117491722107
Wikipedia page: 1.3581850528717
Yahoo: 0.37629103660583
Yahoo search: 0.1800549030304
YouTube: 0.70942711830139
YouTube video: 0.41275191307068
