Amazon: 1.4808509349823
Amazon Fire HD 6: 1.3676030635834
baidu: 0.15474796295166
baidu search: 0.21600103378296
Facebook: 1.6965188980103
Google: 0.38613605499268
Google search: 0.40983700752258
hao123: 0.32261610031128
LinkedIn: 0.82291293144226
qq.com: 0.52968096733093
qq.com search: 0.19347500801086
sina: 0.93620109558105
taobao: 1.4940860271454
taobao search: 0.73417806625366
Twitter: 0.33419704437256
Wikipedia: 0.33212518692017
Wikipedia page: 1.7378830909729
Yahoo: 0.28034496307373
Yahoo search: 0.29862189292908
YouTube: 0.84340882301331
YouTube video: 0.47987508773804
Amazon: 1.3593730926514
Amazon Fire HD 6: 1.5607378482819
baidu: 0.15260291099548
baidu search: 0.27793884277344
Facebook: 1.3380868434906
Google: 0.50019693374634
Google search: 0.52819609642029
hao123: 0.33470392227173
LinkedIn: 1.0821721553802
qq.com: 0.42262887954712
qq.com search: 0.15042090415955
sina: 1.0306150913239
taobao: 0.91757583618164
taobao search: 0.76304793357849
Twitter: 0.39352512359619
Wikipedia: 0.30111598968506
Wikipedia page: 1.5109729766846
Yahoo: 0.24683904647827
Yahoo search: 0.22799515724182
YouTube: 1.4055659770966
YouTube video: 0.64625000953674
Amazon: 1.231076002121
Amazon Fire HD 6: 1.9185590744019
baidu: 0.23918890953064
baidu search: 0.2709481716156
Facebook: 1.1933829784393
Google: 0.36029410362244
Google search: 0.38465094566345
hao123: 0.26560306549072
LinkedIn: 0.69684219360352
qq.com: 0.51076006889343
qq.com search: 0.16473889350891
sina: 0.73690700531006
taobao: 0.87859320640564
taobao search: 0.66853189468384
Twitter: 0.4640109539032
Wikipedia: 0.32505702972412
Wikipedia page: 1.8746569156647
Yahoo: 0.38379406929016
Yahoo search: 0.2519679069519
YouTube: 0.93875694274902
YouTube video: 0.4068329334259
