Amazon: 1.2277700901031
Amazon Fire HD 6: 1.3506491184235
baidu: 0.23599290847778
baidu search: 0.29905080795288
Facebook: 1.2316949367523
Google: 0.44285893440247
Google search: 0.50552201271057
hao123: 0.32520008087158
LinkedIn: 0.89505410194397
qq.com: 0.63847494125366
qq.com search: 0.15671896934509
sina: 0.84827399253845
taobao: 1.2523899078369
taobao search: 0.69402289390564
Twitter: 0.36743998527527
Wikipedia: 0.34246897697449
Wikipedia page: 1.5516269207001
Yahoo: 0.25470089912415
Yahoo search: 0.20355105400085
YouTube: 0.75769090652466
YouTube video: 1.2768120765686
Amazon: 1.2705490589142
Amazon Fire HD 6: 1.5750279426575
baidu: 0.17638492584229
baidu search: 0.27020192146301
Facebook: 1.0355038642883
Google: 0.41780400276184
Google search: 0.48069095611572
hao123: 0.27322006225586
LinkedIn: 0.67717385292053
qq.com: 0.52320599555969
qq.com search: 0.15518498420715
sina: 0.887540102005
taobao: 0.90596604347229
taobao search: 0.55690693855286
Twitter: 0.38107705116272
Wikipedia: 0.34052705764771
Wikipedia page: 2.0149228572845
Yahoo: 0.38137006759644
Yahoo search: 0.26926898956299
YouTube: 0.91191697120667
YouTube video: 0.40000987052917
Amazon: 1.8472049236298
Amazon Fire HD 6: 1.3748109340668
baidu: 0.14934396743774
baidu search: 0.24256610870361
Facebook: 1.1719999313354
Google: 0.35046720504761
Google search: 0.39368915557861
hao123: 0.18862295150757
LinkedIn: 0.69069194793701
qq.com: 0.36820292472839
qq.com search: 0.1316499710083
sina: 0.97656297683716
taobao: 0.81105184555054
taobao search: 0.65135788917542
Twitter: 0.3459460735321
Wikipedia: 0.33347797393799
Wikipedia page: 1.5374009609222
Yahoo: 0.25798201560974
Yahoo search: 0.31540107727051
YouTube: 0.86344289779663
YouTube video: 0.42718195915222
