Amazon: 1.3005011081696
Amazon Fire HD 6: 1.716194152832
baidu: 0.14160680770874
baidu search: 0.21981883049011
Facebook: 1.068480014801
Google: 0.43206787109375
Google search: 0.41698598861694
hao123: 0.28144502639771
LinkedIn: 0.73790001869202
qq.com: 0.64517188072205
qq.com search: 0.11951208114624
sina: 0.85696697235107
taobao: 1.3596129417419
taobao search: 0.73980903625488
Twitter: 0.35854911804199
Wikipedia: 0.53888607025146
Wikipedia page: 1.3755910396576
Yahoo: 0.21508288383484
Yahoo search: 0.21048903465271
YouTube: 0.67048501968384
YouTube video: 0.44162106513977
Amazon: 1.1983439922333
Amazon Fire HD 6: 2.3092629909515
baidu: 0.14728879928589
baidu search: 0.35103702545166
Facebook: 1.099347114563
Google: 0.41398406028748
Google search: 0.54941606521606
hao123: 0.26557803153992
LinkedIn: 0.95243811607361
qq.com: 0.59434580802917
qq.com search: 0.16489505767822
sina: 0.91423201560974
taobao: 1.2935428619385
taobao search: 0.56217503547668
Twitter: 0.30069494247437
Wikipedia: 0.31758403778076
Wikipedia page: 1.4835698604584
Yahoo: 0.2557270526886
Yahoo search: 0.21430706977844
YouTube: 0.70984387397766
YouTube video: 0.34430503845215
Amazon: 1.5972700119019
Amazon Fire HD 6: 2.4269609451294
baidu: 0.20657515525818
baidu search: 0.25578880310059
Facebook: 1.1286611557007
Google: 0.37598204612732
Google search: 0.45168280601501
hao123: 0.2720959186554
LinkedIn: 0.81231999397278
qq.com: 0.64722418785095
qq.com search: 0.14948797225952
sina: 1.0603010654449
taobao: 0.71523714065552
taobao search: 0.48594903945923
Twitter: 0.33041214942932
Wikipedia: 0.49792003631592
Wikipedia page: 1.1772589683533
Yahoo: 0.22956585884094
Yahoo search: 0.5430109500885
YouTube: 0.6687159538269
YouTube video: 0.65026712417603
