Amazon: 1.2584810256958
Amazon Fire HD 6: 1.2929179668427
baidu: 0.12671399116516
baidu search: 0.20807600021362
Facebook: 0.86818313598633
Google: 0.31252312660217
Google search: 0.52850985527039
hao123: 0.21527314186096
LinkedIn: 0.71340203285217
qq.com: 0.48861408233643
qq.com search: 0.1039559841156
sina: 0.70792198181152
taobao: 2.272744178772
taobao search: 0.51703214645386
Twitter: 0.32032203674316
Wikipedia: 0.493497133255
Wikipedia page: 1.4539251327515
Yahoo: 0.2094829082489
Yahoo search: 0.19679689407349
YouTube: 0.69234395027161
YouTube video: 0.59857511520386
Amazon: 0.92619299888611
Amazon Fire HD 6: 1.2594928741455
baidu: 0.1314389705658
baidu search: 0.22707486152649
Facebook: 0.70386695861816
Google: 0.70204997062683
Google search: 0.41597104072571
hao123: 0.24618601799011
LinkedIn: 0.64412808418274
qq.com: 0.32868194580078
qq.com search: 0.61375713348389
sina: 0.69174695014954
taobao: 1.7851610183716
taobao search: 0.6451678276062
Twitter: 0.28344297409058
Wikipedia: 0.32696509361267
Wikipedia page: 1.6055450439453
Yahoo: 0.23524689674377
Yahoo search: 0.18610000610352
YouTube: 0.7107880115509
YouTube video: 0.58189296722412
Amazon: 1.038281917572
Amazon Fire HD 6: 1.4739599227905
baidu: 0.144376039505
baidu search: 0.21048092842102
Facebook: 0.99407505989075
Google: 0.63354206085205
Google search: 0.40965914726257
hao123: 0.29011392593384
LinkedIn: 0.66037082672119
qq.com: 0.43267011642456
qq.com search: 0.1358470916748
sina: 0.83441686630249
taobao: 2.0636389255524
taobao search: 0.67308616638184
Twitter: 0.31455302238464
Wikipedia: 0.36595892906189
Wikipedia page: 1.5180108547211
Yahoo: 0.26126003265381
Yahoo search: 0.2027108669281
YouTube: 0.7292628288269
YouTube video: 0.60477900505066
