Amazon: 1.1054930686951
Amazon Fire HD 6: 0.94930291175842
baidu: 1.473051071167
baidu search: 0.69558596611023
Facebook: 1.1327409744263
Google: 0.3808159828186
Google search: 0.43615102767944
hao123: 0.77682399749756
LinkedIn: 0.85434603691101
qq.com: 0.76134300231934
qq.com search: 0.171550989151
sina: 0.9517650604248
taobao: 0.99065279960632
taobao search: 0.69624614715576
Twitter: 0.39845013618469
Wikipedia: 0.42294692993164
Wikipedia page: 1.7658259868622
Yahoo: 0.37150096893311
Yahoo search: 0.2263720035553
YouTube: 0.76154279708862
YouTube video: 1.6349489688873
Amazon: 0.64773106575012
Amazon Fire HD 6: 1.0371279716492
baidu: 0.24073600769043
baidu search: 0.35504102706909
Facebook: 1.7569689750671
Google: 0.58814787864685
Google search: 0.5648341178894
hao123: 0.39290499687195
LinkedIn: 0.77235722541809
qq.com: 0.73696279525757
qq.com search: 0.18265318870544
sina: 0.75223612785339
taobao: 0.90565919876099
taobao search: 0.78786301612854
Twitter: 0.38112092018127
Wikipedia: 0.40026807785034
Wikipedia page: 2.0863997936249
Yahoo: 0.37028288841248
Yahoo search: 0.31669092178345
YouTube: 0.90886211395264
YouTube video: 0.59325480461121
Amazon: 0.74366784095764
Amazon Fire HD 6: 1.1055121421814
baidu: 0.23476696014404
baidu search: 0.27294301986694
Facebook: 1.2118628025055
Google: 0.44596886634827
Google search: 0.59785389900208
hao123: 0.44656705856323
LinkedIn: 1.1640710830688
qq.com: 0.71982216835022
qq.com search: 0.25390601158142
sina: 0.98628902435303
taobao: 0.9815878868103
taobao search: 1.4728720188141
Twitter: 0.38712406158447
Wikipedia: 0.36598300933838
Wikipedia page: 1.6270701885223
Yahoo: 0.26241588592529
Yahoo search: 0.27359199523926
YouTube: 0.97045302391052
YouTube video: 0.34807205200195
