Amazon: 1.142343044281
Amazon Fire HD 6: 1.3060688972473
baidu: 0.15800499916077
baidu search: 0.32596206665039
Facebook: 1.0632510185242
Google: 0.38753700256348
Google search: 0.44276309013367
hao123: 0.35225200653076
LinkedIn: 0.7563259601593
qq.com: 0.61292004585266
qq.com search: 0.31613492965698
sina: 0.88958597183228
taobao: 1.4135961532593
taobao search: 0.83425903320312
Twitter: 0.36347794532776
Wikipedia: 0.31406998634338
Wikipedia page: 1.4739558696747
Yahoo: 0.23423194885254
Yahoo search: 0.23222303390503
YouTube: 0.62011098861694
YouTube video: 0.34328413009644
Amazon: 0.92069101333618
Amazon Fire HD 6: 1.4375929832458
baidu: 0.14136910438538
baidu search: 0.22542810440063
Facebook: 1.3837020397186
Google: 0.36868786811829
Google search: 0.42342495918274
hao123: 0.2175829410553
LinkedIn: 0.65010285377502
qq.com: 0.36255097389221
qq.com search: 0.13745999336243
sina: 0.6907970905304
taobao: 0.76341605186462
taobao search: 0.73478293418884
Twitter: 0.35710287094116
Wikipedia: 0.37090682983398
Wikipedia page: 1.6221358776093
Yahoo: 0.25868606567383
Yahoo search: 0.19817590713501
YouTube: 0.71979093551636
YouTube video: 0.3268449306488
Amazon: 1.2485380172729
Amazon Fire HD 6: 1.4654581546783
baidu: 0.1714198589325
baidu search: 0.29088497161865
Facebook: 1.6572329998016
Google: 0.29974412918091
Google search: 0.37697815895081
hao123: 0.32133293151855
LinkedIn: 0.7712779045105
qq.com: 0.44264793395996
qq.com search: 0.15426683425903
sina: 0.84420895576477
taobao: 1.0310208797455
taobao search: 0.6458580493927
Twitter: 0.34688282012939
Wikipedia: 0.31686687469482
Wikipedia page: 1.3588259220123
Yahoo: 0.3754448890686
Yahoo search: 0.22974991798401
YouTube: 0.72042989730835
YouTube video: 0.60983800888062
