Amazon: 1.0239069461823
Amazon Fire HD 6: 0.93411207199097
baidu: 0.25551009178162
baidu search: 1.5497500896454
Facebook: 1.2031362056732
Google: 0.45942497253418
Google search: 0.44612503051758
hao123: 0.70803785324097
LinkedIn: 0.81514096260071
qq.com: 0.57568788528442
qq.com search: 0.29896187782288
sina: 0.9077889919281
taobao: 0.9829249382019
taobao search: 0.65405297279358
Twitter: 0.46940898895264
Wikipedia: 0.39505195617676
Wikipedia page: 1.6152679920197
Yahoo: 0.32684397697449
Yahoo search: 0.25703001022339
YouTube: 0.82511401176453
YouTube video: 0.56759905815125
Amazon: 0.61716794967651
Amazon Fire HD 6: 1.0672571659088
baidu: 0.29227304458618
baidu search: 0.55769491195679
Facebook: 1.3805940151215
Google: 0.44365406036377
Google search: 0.52774691581726
hao123: 0.35270190238953
LinkedIn: 0.7634699344635
qq.com: 0.50163388252258
qq.com search: 0.16815304756165
sina: 0.96462917327881
taobao: 0.86677694320679
taobao search: 0.65928292274475
Twitter: 0.4509220123291
Wikipedia: 0.37780094146729
Wikipedia page: 1.6020510196686
Yahoo: 0.25617289543152
Yahoo search: 0.19983386993408
YouTube: 0.75125002861023
YouTube video: 0.36696696281433
Amazon: 1.3675200939178
Amazon Fire HD 6: 1.1808631420135
baidu: 0.25277590751648
baidu search: 0.344242811203
Facebook: 1.9133720397949
Google: 0.43949198722839
Google search: 0.53889894485474
hao123: 0.39840793609619
LinkedIn: 1.0071399211884
qq.com: 0.43124794960022
qq.com search: 0.14762711524963
sina: 0.91488814353943
taobao: 1.0100791454315
taobao search: 0.77421808242798
Twitter: 0.4965717792511
Wikipedia: 0.34394001960754
Wikipedia page: 1.3833220005035
Yahoo: 0.26175904273987
Yahoo search: 0.35454916954041
YouTube: 0.7878680229187
YouTube video: 0.95946097373962
