Amazon: 1.1156618595123
Amazon Fire HD 6: 1.0966360569
baidu: 1.4833810329437
baidu search: 0.73740792274475
Facebook: 1.4234690666199
Google: 0.54845094680786
Google search: 0.56412315368652
hao123: 1.2222790718079
LinkedIn: 1.0320219993591
qq.com: 0.88086605072021
qq.com search: 0.44412398338318
sina: 0.96039485931396
taobao: 1.0719139575958
taobao search: 0.65601396560669
Twitter: 0.59200692176819
Wikipedia: 0.43538403511047
Wikipedia page: 2.3470928668976
Yahoo: 0.34903478622437
Yahoo search: 0.30568289756775
YouTube: 1.1627011299133
YouTube video: 0.56456303596497
Amazon: 0.80232000350952
Amazon Fire HD 6: 1.6906180381775
baidu: 0.21693110466003
baidu search: 0.32261991500854
Facebook: 1.331169128418
Google: 0.43292188644409
Google search: 0.49836111068726
hao123: 0.31217885017395
LinkedIn: 1.1133718490601
qq.com: 0.95239686965942
qq.com search: 0.25893497467041
sina: 1.5260138511658
taobao: 2.6329810619354
taobao search: 0.77683591842651
Twitter: 0.4206850528717
Wikipedia: 0.48078799247742
Wikipedia page: 1.4804699420929
Yahoo: 0.2693920135498
Yahoo search: 0.30470585823059
YouTube: 0.76659607887268
YouTube video: 0.71338605880737
Amazon: 0.9224328994751
Amazon Fire HD 6: 1.1974799633026
baidu: 0.27053499221802
baidu search: 0.70127487182617
Facebook: 1.4439458847046
Google: 0.42189598083496
Google search: 0.53204107284546
hao123: 0.29422116279602
LinkedIn: 0.95598387718201
qq.com: 0.7801399230957
qq.com search: 0.36981010437012
sina: 1.1041049957275
taobao: 2.0047647953033
taobao search: 0.73078393936157
Twitter: 0.36156511306763
Wikipedia: 0.31517505645752
Wikipedia page: 1.3496119976044
Yahoo: 0.28657412528992
Yahoo search: 0.22780609130859
YouTube: 0.8284158706665
YouTube video: 0.64539003372192
