Amazon: 1.3339941501617
Amazon Fire HD 6: 1.1984100341797
baidu: 0.23599410057068
baidu search: 0.24615406990051
Facebook: 1.2930121421814
Google: 0.35580015182495
Google search: 0.37237811088562
hao123: 0.38406205177307
LinkedIn: 1.0105428695679
qq.com: 0.44642615318298
qq.com search: 0.11286807060242
sina: 0.76524496078491
taobao: 0.88333010673523
taobao search: 0.56180310249329
Twitter: 0.3036630153656
Wikipedia: 0.29731607437134
Wikipedia page: 1.3169121742249
Yahoo: 0.21605491638184
Yahoo search: 0.18594408035278
YouTube: 0.70957088470459
YouTube video: 0.47571897506714
Amazon: 1.0797550678253
Amazon Fire HD 6: 1.1954309940338
baidu: 0.15339708328247
baidu search: 0.2218279838562
Facebook: 1.2646288871765
Google: 0.35875296592712
Google search: 0.36975598335266
hao123: 0.30562496185303
LinkedIn: 0.75943398475647
qq.com: 0.42158102989197
qq.com search: 0.17010807991028
sina: 0.76515603065491
taobao: 1.4527840614319
taobao search: 0.65082097053528
Twitter: 0.32030701637268
Wikipedia: 0.67493104934692
Wikipedia page: 1.3863801956177
Yahoo: 0.22861313819885
Yahoo search: 0.1900360584259
YouTube: 0.73466110229492
YouTube video: 0.40936493873596
Amazon: 1.4626069068909
Amazon Fire HD 6: 1.1988949775696
baidu: 0.14016604423523
baidu search: 0.61384606361389
Facebook: 0.67897796630859
Google: 0.37152099609375
Google search: 0.41001486778259
hao123: 0.23523211479187
LinkedIn: 0.76516103744507
qq.com: 0.6252338886261
qq.com search: 0.1475989818573
sina: 0.84449005126953
taobao: 0.85006999969482
taobao search: 0.6397500038147
Twitter: 0.31625485420227
Wikipedia: 0.29352807998657
Wikipedia page: 1.3827810287476
Yahoo: 0.2275378704071
Yahoo search: 0.18991088867188
YouTube: 0.69960904121399
YouTube video: 0.64390397071838
