Amazon: 1.2670149803162
Amazon Fire HD 6: 2.1301469802856
baidu: 0.14693093299866
baidu search: 0.2383930683136
Facebook: 1.1744709014893
Google: 0.43740081787109
Google search: 0.50668501853943
hao123: 0.3119170665741
LinkedIn: 1.0352499485016
qq.com: 0.50701689720154
qq.com search: 0.12251901626587
sina: 0.71928095817566
taobao: 1.3251419067383
taobao search: 0.58675193786621
Twitter: 0.30981492996216
Wikipedia: 0.41320109367371
Wikipedia page: 1.5078279972076
Yahoo: 0.20729494094849
Yahoo search: 0.18675994873047
YouTube: 0.72170805931091
YouTube video: 0.90881896018982
Amazon: 1.1909530162811
Amazon Fire HD 6: 1.5008749961853
baidu: 0.18298506736755
baidu search: 0.59006595611572
Facebook: 1.063857793808
Google: 0.42024397850037
Google search: 0.48777794837952
hao123: 0.22415089607239
LinkedIn: 0.90134787559509
qq.com: 0.4981689453125
qq.com search: 0.14634799957275
sina: 0.94458389282227
taobao: 1.5239188671112
taobao search: 0.56006002426147
Twitter: 0.59930992126465
Wikipedia: 0.28525304794312
Wikipedia page: 1.2128221988678
Yahoo: 0.25604200363159
Yahoo search: 0.19995617866516
YouTube: 0.81000709533691
YouTube video: 0.77268719673157
Amazon: 0.90981793403625
Amazon Fire HD 6: 1.6057889461517
baidu: 0.23110795021057
baidu search: 0.32857298851013
Facebook: 0.91587901115417
Google: 0.32713985443115
Google search: 0.36388301849365
hao123: 0.52837991714478
LinkedIn: 0.6287670135498
qq.com: 0.35807514190674
qq.com search: 0.1395800113678
sina: 0.84889984130859
taobao: 3.1898119449615
taobao search: 0.88040089607239
Twitter: 0.30839920043945
Wikipedia: 0.26048612594604
Wikipedia page: 1.3444180488586
Yahoo: 0.24771618843079
Yahoo search: 0.27769994735718
YouTube: 1.0116260051727
YouTube video: 0.61729383468628
