Amazon: 1.0330889225006
Amazon Fire HD 6: 0.93752193450928
baidu: 1.4295279979706
baidu search: 0.69348096847534
Facebook: 1.1374371051788
Google: 0.44083404541016
Google search: 0.52683591842651
hao123: 0.74770092964172
LinkedIn: 0.87168598175049
qq.com: 0.87996292114258
qq.com search: 0.17242908477783
sina: 0.8472011089325
taobao: 0.8763439655304
taobao search: 0.57780718803406
Twitter: 0.42186713218689
Wikipedia: 0.59154891967773
Wikipedia page: 1.7301278114319
Yahoo: 0.27429699897766
Yahoo search: 0.22112607955933
YouTube: 0.793212890625
YouTube video: 1.9903869628906
Amazon: 0.70889401435852
Amazon Fire HD 6: 1.2707641124725
baidu: 0.25946092605591
baidu search: 0.26588010787964
Facebook: 1.1729030609131
Google: 0.78355097770691
Google search: 0.49937701225281
hao123: 0.28327393531799
LinkedIn: 0.87794780731201
qq.com: 0.64784598350525
qq.com search: 0.22021889686584
sina: 1.149729013443
taobao: 1.0968189239502
taobao search: 0.68197679519653
Twitter: 0.36318898200989
Wikipedia: 0.32619190216064
Wikipedia page: 1.9107270240784
Yahoo: 0.38083600997925
Yahoo search: 0.31538605690002
YouTube: 1.0164198875427
YouTube video: 0.53699588775635
Amazon: 0.68623685836792
Amazon Fire HD 6: 1.1069159507751
baidu: 0.35828399658203
baidu search: 0.26615405082703
Facebook: 1.1220810413361
Google: 0.44951105117798
Google search: 0.76660299301147
hao123: 0.3693380355835
LinkedIn: 0.97162103652954
qq.com: 0.45530891418457
qq.com search: 0.15317797660828
sina: 0.90143799781799
taobao: 1.3976898193359
taobao search: 0.69513893127441
Twitter: 0.34454298019409
Wikipedia: 0.51664400100708
Wikipedia page: 1.4731171131134
Yahoo: 0.27717804908752
Yahoo search: 0.21869611740112
YouTube: 0.9255268573761
YouTube video: 1.0288138389587
