Amazon: 1.8097341060638
Amazon Fire HD 6: 1.4434180259705
baidu: 0.17538499832153
baidu search: 0.24768400192261
Facebook: 1.0242829322815
Google: 0.41051197052002
Google search: 0.57112884521484
hao123: 0.19094204902649
LinkedIn: 0.84482192993164
qq.com: 0.56538677215576
qq.com search: 0.10033893585205
sina: 0.83102607727051
taobao: 1.4879260063171
taobao search: 0.5061731338501
Twitter: 0.28146815299988
Wikipedia: 0.33343386650085
Wikipedia page: 1.2818021774292
Yahoo: 0.24459910392761
Yahoo search: 0.21428108215332
YouTube: 0.63345718383789
YouTube video: 0.61231517791748
Amazon: 1.191878080368
Amazon Fire HD 6: 1.9704110622406
baidu: 0.17859792709351
baidu search: 0.23272013664246
Facebook: 1.2098770141602
Google: 0.36127805709839
Google search: 0.36530590057373
hao123: 0.19995307922363
LinkedIn: 0.6769540309906
qq.com: 0.496502161026
qq.com search: 0.16557693481445
sina: 0.80972814559937
taobao: 1.6729209423065
taobao search: 1.4842538833618
Twitter: 0.31061506271362
Wikipedia: 0.58700585365295
Wikipedia page: 1.355052947998
Yahoo: 0.22269916534424
Yahoo search: 0.21720099449158
YouTube: 0.70965814590454
YouTube video: 0.44680094718933
Amazon: 1.2005910873413
Amazon Fire HD 6: 1.5893549919128
baidu: 0.1373450756073
baidu search: 0.22380685806274
Facebook: 1.3142130374908
Google: 0.36097693443298
Google search: 0.3962230682373
hao123: 0.21561408042908
LinkedIn: 0.79570698738098
qq.com: 0.53909611701965
qq.com search: 0.4295289516449
sina: 0.95551490783691
taobao: 2.4181790351868
taobao search: 0.59272384643555
Twitter: 0.34040403366089
Wikipedia: 0.34031200408936
Wikipedia page: 1.5898368358612
Yahoo: 0.21608209609985
Yahoo search: 0.18924188613892
YouTube: 0.71202802658081
YouTube video: 0.37282705307007
