Amazon: 1.1124179363251
Amazon Fire HD 6: 0.96355414390564
baidu: 0.30936098098755
baidu search: 1.8726840019226
Facebook: 1.3994071483612
Google: 0.56503510475159
Google search: 0.53202104568481
hao123: 0.81793999671936
LinkedIn: 1.1752679347992
qq.com: 0.58686900138855
qq.com search: 0.19079613685608
sina: 1.0571839809418
taobao: 1.2434570789337
taobao search: 0.5619490146637
Twitter: 0.44583678245544
Wikipedia: 0.87818503379822
Wikipedia page: 2.0710251331329
Yahoo: 0.37333989143372
Yahoo search: 0.20650696754456
YouTube: 1.3521778583527
YouTube video: 1.6967339515686
Amazon: 0.94001007080078
Amazon Fire HD 6: 1.137923002243
baidu: 0.2229061126709
baidu search: 0.36642479896545
Facebook: 1.0286378860474
Google: 0.45613098144531
Google search: 0.49254393577576
hao123: 0.28333210945129
LinkedIn: 1.1041469573975
qq.com: 0.81860208511353
qq.com search: 0.18163204193115
sina: 0.8999228477478
taobao: 1.2586650848389
taobao search: 0.66461181640625
Twitter: 0.89924788475037
Wikipedia: 0.37991213798523
Wikipedia page: 1.2846131324768
Yahoo: 0.25589895248413
Yahoo search: 0.27944087982178
YouTube: 0.83678197860718
YouTube video: 0.942302942276
Amazon: 0.9522500038147
Amazon Fire HD 6: 1.2923009395599
baidu: 0.2299919128418
baidu search: 0.35101103782654
Facebook: 1.7053389549255
Google: 0.38081908226013
Google search: 0.44483399391174
hao123: 0.24991488456726
LinkedIn: 0.91609406471252
qq.com: 0.66991901397705
qq.com search: 0.16356015205383
sina: 1.0913100242615
taobao: 2.3569149971008
taobao search: 0.87663006782532
Twitter: 0.39503192901611
Wikipedia: 0.29686093330383
Wikipedia page: 1.5752348899841
Yahoo: 0.24296689033508
Yahoo search: 0.24612903594971
YouTube: 0.78752183914185
YouTube video: 0.42465496063232
