Amazon: 1.0018749237061
Amazon Fire HD 6: 1.1090860366821
baidu: 0.24847888946533
baidu search: 0.68370294570923
Facebook: 1.1190140247345
Google: 0.48217415809631
Google search: 0.5367739200592
hao123: 0.99556398391724
LinkedIn: 0.80051493644714
qq.com: 0.62821006774902
qq.com search: 0.17261719703674
sina: 0.92555689811707
taobao: 0.97621917724609
taobao search: 0.58910703659058
Twitter: 0.39685297012329
Wikipedia: 0.387619972229
Wikipedia page: 2.216784954071
Yahoo: 0.33679294586182
Yahoo search: 0.29657316207886
YouTube: 0.7394278049469
YouTube video: 0.56000208854675
Amazon: 0.86269402503967
Amazon Fire HD 6: 0.98807382583618
baidu: 0.21011710166931
baidu search: 0.3536319732666
Facebook: 1.5216660499573
Google: 0.43550610542297
Google search: 0.54702496528625
hao123: 0.38975596427917
LinkedIn: 0.88926005363464
qq.com: 0.4403030872345
qq.com search: 0.18570113182068
sina: 0.77445006370544
taobao: 1.1612949371338
taobao search: 0.72067022323608
Twitter: 0.35018706321716
Wikipedia: 0.37170791625977
Wikipedia page: 2.0510110855103
Yahoo: 0.38955497741699
Yahoo search: 0.35622715950012
YouTube: 0.90094208717346
YouTube video: 0.5401611328125
Amazon: 0.70149302482605
Amazon Fire HD 6: 1.1043548583984
baidu: 0.22888207435608
baidu search: 0.29146409034729
Facebook: 1.2996490001678
Google: 0.404629945755
Google search: 0.57136297225952
hao123: 0.35625910758972
LinkedIn: 1.0255951881409
qq.com: 0.45330595970154
qq.com search: 0.16345000267029
sina: 0.9633948802948
taobao: 0.92797708511353
taobao search: 0.66708898544312
Twitter: 0.35400199890137
Wikipedia: 0.32265186309814
Wikipedia page: 1.7927470207214
Yahoo: 0.35984396934509
Yahoo search: 0.31917095184326
YouTube: 0.90352606773376
YouTube video: 0.43600392341614
