Amazon: 1.0356290340424
Amazon Fire HD 6: 1.0589549541473
baidu: 0.25315189361572
baidu search: 0.70054197311401
Facebook: 1.1291899681091
Google: 0.46847796440125
Google search: 0.53089904785156
hao123: 0.70990610122681
LinkedIn: 0.80229806900024
qq.com: 0.79965901374817
qq.com search: 0.17051005363464
sina: 0.97546195983887
taobao: 1.0223360061646
taobao search: 0.65839314460754
Twitter: 0.38500714302063
Wikipedia: 0.56735491752625
Wikipedia page: 2.12233710289
Yahoo: 0.37380695343018
Yahoo search: 0.27215909957886
YouTube: 0.75497794151306
YouTube video: 0.73614192008972
Amazon: 0.88928484916687
Amazon Fire HD 6: 1.2840151786804
baidu: 0.23625087738037
baidu search: 0.44539308547974
Facebook: 1.6291959285736
Google: 0.38179612159729
Google search: 0.43796801567078
hao123: 0.29941177368164
LinkedIn: 0.9496009349823
qq.com: 0.57748699188232
qq.com search: 0.20106816291809
sina: 1.1098530292511
taobao: 0.83268594741821
taobao search: 1.0140099525452
Twitter: 0.35805702209473
Wikipedia: 0.50835990905762
Wikipedia page: 1.9673130512238
Yahoo: 0.2993860244751
Yahoo search: 0.29400110244751
YouTube: 0.80345702171326
YouTube video: 0.49400305747986
Amazon: 0.94704294204712
Amazon Fire HD 6: 0.94095492362976
baidu: 0.27500510215759
baidu search: 0.30379104614258
Facebook: 1.4514880180359
Google: 0.41057085990906
Google search: 0.46833300590515
hao123: 0.2484028339386
LinkedIn: 0.93320918083191
qq.com: 0.6438000202179
qq.com search: 0.17799401283264
sina: 0.97741913795471
taobao: 0.99325489997864
taobao search: 1.2668371200562
Twitter: 0.35380411148071
Wikipedia: 0.39829707145691
Wikipedia page: 1.5902428627014
Yahoo: 0.40630698204041
Yahoo search: 0.26507306098938
YouTube: 0.83996510505676
YouTube video: 0.45135498046875
