Amazon: 1.0032739639282
Amazon Fire HD 6: 0.96862888336182
baidu: 0.28654885292053
baidu search: 1.9286060333252
Facebook: 1.2981798648834
Google: 0.47429203987122
Google search: 0.48563003540039
hao123: 0.70907998085022
LinkedIn: 0.83567905426025
qq.com: 0.5572350025177
qq.com search: 0.16158294677734
sina: 0.94236016273499
taobao: 0.85636401176453
taobao search: 0.60229396820068
Twitter: 0.42831087112427
Wikipedia: 0.36410784721375
Wikipedia page: 1.6935539245605
Yahoo: 0.2862241268158
Yahoo search: 0.24744081497192
YouTube: 0.85411787033081
YouTube video: 1.4651339054108
Amazon: 1.1970281600952
Amazon Fire HD 6: 1.1059200763702
baidu: 0.21601796150208
baidu search: 0.28584504127502
Facebook: 1.3282861709595
Google: 0.39917898178101
Google search: 0.52466011047363
hao123: 0.35894703865051
LinkedIn: 0.78539395332336
qq.com: 0.44272398948669
qq.com search: 0.16765594482422
sina: 0.95271778106689
taobao: 0.93687891960144
taobao search: 0.79615712165833
Twitter: 0.34391093254089
Wikipedia: 0.2818968296051
Wikipedia page: 1.3891990184784
Yahoo: 0.23911309242249
Yahoo search: 0.20612502098083
YouTube: 0.97849011421204
YouTube video: 1.352147102356
Amazon: 0.66174817085266
Amazon Fire HD 6: 1.3119378089905
baidu: 0.25030398368835
baidu search: 0.64311003684998
Facebook: 1.0338439941406
Google: 0.36607098579407
Google search: 0.51822805404663
hao123: 0.69717979431152
LinkedIn: 0.66532111167908
qq.com: 0.41003584861755
qq.com search: 0.14010500907898
sina: 0.84392189979553
taobao: 1.2507770061493
taobao search: 0.58589196205139
Twitter: 0.28344988822937
Wikipedia: 0.29170417785645
Wikipedia page: 1.5948560237885
Yahoo: 0.70033001899719
Yahoo search: 0.24056482315063
YouTube: 0.61403393745422
YouTube video: 0.62384390830994
