Amazon: 1.2513391971588
Amazon Fire HD 6: 1.2005369663239
baidu: 0.15102291107178
baidu search: 0.28332304954529
Facebook: 1.1476459503174
Google: 0.35746502876282
Google search: 0.4037389755249
hao123: 0.22720098495483
LinkedIn: 0.66828012466431
qq.com: 0.39491701126099
qq.com search: 0.14319205284119
sina: 0.81026196479797
taobao: 1.3319661617279
taobao search: 0.61290407180786
Twitter: 0.31550693511963
Wikipedia: 0.32745385169983
Wikipedia page: 1.3736839294434
Yahoo: 0.22256207466125
Yahoo search: 0.20920896530151
YouTube: 0.66509699821472
YouTube video: 0.38771796226501
Amazon: 0.79390597343445
Amazon Fire HD 6: 1.3653779029846
baidu: 0.1950900554657
baidu search: 0.26250100135803
Facebook: 1.0369200706482
Google: 0.3138370513916
Google search: 0.37853097915649
hao123: 0.19908618927002
LinkedIn: 0.63004994392395
qq.com: 0.50853490829468
qq.com search: 0.13484597206116
sina: 1.1210100650787
taobao: 1.2179009914398
taobao search: 0.87901496887207
Twitter: 0.41366195678711
Wikipedia: 0.30749201774597
Wikipedia page: 1.4377081394196
Yahoo: 0.30966401100159
Yahoo search: 0.28373599052429
YouTube: 0.74608707427979
YouTube video: 0.43777799606323
Amazon: 0.98203110694885
Amazon Fire HD 6: 1.6163499355316
baidu: 0.14449501037598
baidu search: 0.21635389328003
Facebook: 0.94008493423462
Google: 0.34135413169861
Google search: 0.38432693481445
hao123: 0.22123503684998
LinkedIn: 0.67863202095032
qq.com: 0.73063087463379
qq.com search: 0.12071084976196
sina: 0.71191215515137
taobao: 1.2592771053314
taobao search: 0.6917359828949
Twitter: 0.47126984596252
Wikipedia: 0.34405899047852
Wikipedia page: 1.3579080104828
Yahoo: 0.46942114830017
Yahoo search: 0.23082399368286
YouTube: 0.74907803535461
YouTube video: 0.41154503822327
