Amazon: 0.9604640007019
Amazon Fire HD 6: 0.94432997703552
baidu: 1.1406538486481
baidu search: 0.70275783538818
Facebook: 1.2368810176849
Google: 0.54882001876831
Google search: 0.65452098846436
hao123: 0.86560416221619
LinkedIn: 0.87602114677429
qq.com: 0.8260931968689
qq.com search: 0.39291715621948
sina: 1.0110120773315
taobao: 1.0422370433807
taobao search: 0.62566089630127
Twitter: 0.46200799942017
Wikipedia: 0.35070300102234
Wikipedia page: 1.6908559799194
Yahoo: 0.28210496902466
Yahoo search: 0.2217538356781
YouTube: 0.69237279891968
YouTube video: 0.95570492744446
Amazon: 0.71148896217346
Amazon Fire HD 6: 1.6538741588593
baidu: 0.27090096473694
baidu search: 0.34027791023254
Facebook: 1.3370261192322
Google: 0.57682704925537
Google search: 0.59114193916321
hao123: 0.35660696029663
LinkedIn: 0.89907598495483
qq.com: 0.5269992351532
qq.com search: 0.18377709388733
sina: 1.0580549240112
taobao: 1.4318351745605
taobao search: 1.3528549671173
Twitter: 0.36176800727844
Wikipedia: 0.29685997962952
Wikipedia page: 2.1484360694885
Yahoo: 0.28251791000366
Yahoo search: 0.27362608909607
YouTube: 0.84155607223511
YouTube video: 0.56939077377319
Amazon: 0.86769104003906
Amazon Fire HD 6: 1.2505550384521
baidu: 0.24620890617371
baidu search: 0.28545808792114
Facebook: 1.3588469028473
Google: 0.6647047996521
Google search: 0.54077315330505
hao123: 0.32548093795776
LinkedIn: 0.9306960105896
qq.com: 0.47607207298279
qq.com search: 0.13655686378479
sina: 0.84858894348145
taobao: 0.95428800582886
taobao search: 0.86038589477539
Twitter: 0.35222196578979
Wikipedia: 0.32860398292542
Wikipedia page: 2.0821678638458
Yahoo: 0.47793006896973
Yahoo search: 0.22693800926208
YouTube: 0.93159699440002
YouTube video: 0.43840312957764
