Amazon: 1.0959758758545
Amazon Fire HD 6: 1.29185795784
baidu: 0.2849268913269
baidu search: 0.7376070022583
Facebook: 1.3430550098419
Google: 0.55515694618225
Google search: 0.91271495819092
hao123: 1.2143080234528
LinkedIn: 0.78287696838379
qq.com: 0.64266300201416
qq.com search: 0.19670414924622
sina: 0.8682599067688
taobao: 0.95605683326721
taobao search: 0.85240197181702
Twitter: 0.53873085975647
Wikipedia: 0.64253401756287
Wikipedia page: 2.1795480251312
Yahoo: 0.37492704391479
Yahoo search: 0.31932187080383
YouTube: 1.0753219127655
YouTube video: 0.47379207611084
Amazon: 0.61503314971924
Amazon Fire HD 6: 1.0029850006104
baidu: 0.37526392936707
baidu search: 0.34360599517822
Facebook: 1.178750038147
Google: 0.3892719745636
Google search: 0.43757915496826
hao123: 0.25324988365173
LinkedIn: 0.89888405799866
qq.com: 0.64210200309753
qq.com search: 0.28342819213867
sina: 1.2972631454468
taobao: 1.8921999931335
taobao search: 1.1389918327332
Twitter: 0.40462398529053
Wikipedia: 0.41813707351685
Wikipedia page: 1.619145154953
Yahoo: 0.27588701248169
Yahoo search: 0.2356059551239
YouTube: 0.81081008911133
YouTube video: 1.4574770927429
Amazon: 0.68736386299133
Amazon Fire HD 6: 1.3513147830963
baidu: 0.3262631893158
baidu search: 0.56403994560242
Facebook: 1.3622879981995
Google: 0.47084784507751
Google search: 0.6261579990387
hao123: 0.3605260848999
LinkedIn: 0.91800713539124
qq.com: 0.76928496360779
qq.com search: 0.38066291809082
sina: 1.5182318687439
taobao: 1.5441989898682
taobao search: 1.1391091346741
Twitter: 0.38672709465027
Wikipedia: 0.33184194564819
Wikipedia page: 1.4724419116974
Yahoo: 0.25902795791626
Yahoo search: 0.22160005569458
YouTube: 0.80365514755249
YouTube video: 0.61974906921387
