Amazon: 1.1739728450775
Amazon Fire HD 6: 1.328418970108
baidu: 0.20440411567688
baidu search: 0.46667408943176
Facebook: 1.0407240390778
Google: 0.35747194290161
Google search: 0.39206695556641
hao123: 0.24728488922119
LinkedIn: 1.3002369403839
qq.com: 0.49850082397461
qq.com search: 0.1559009552002
sina: 1.0704281330109
taobao: 0.89629197120667
taobao search: 0.53001403808594
Twitter: 0.54989004135132
Wikipedia: 0.31756687164307
Wikipedia page: 1.5592978000641
Yahoo: 0.21949195861816
Yahoo search: 0.22434687614441
YouTube: 0.8180730342865
YouTube video: 0.47485995292664
Amazon: 0.90917897224426
Amazon Fire HD 6: 1.4853250980377
baidu: 0.17337703704834
baidu search: 0.21736478805542
Facebook: 1.269868850708
Google: 0.8122730255127
Google search: 0.42957496643066
hao123: 0.29994988441467
LinkedIn: 0.72723889350891
qq.com: 0.44067597389221
qq.com search: 0.19697499275208
sina: 1.0410928726196
taobao: 1.413458108902
taobao search: 0.83437895774841
Twitter: 0.30687499046326
Wikipedia: 0.27905893325806
Wikipedia page: 1.4147198200226
Yahoo: 0.22994613647461
Yahoo search: 0.22870397567749
YouTube: 0.80489182472229
YouTube video: 0.35074496269226
Amazon: 0.88565707206726
Amazon Fire HD 6: 1.3592669963837
baidu: 0.56013488769531
baidu search: 0.27627992630005
Facebook: 1.3445250988007
Google: 0.54362106323242
Google search: 0.49647402763367
hao123: 0.32784390449524
LinkedIn: 0.7217481136322
qq.com: 0.46902298927307
qq.com search: 0.14858508110046
sina: 0.83581519126892
taobao: 0.90219712257385
taobao search: 0.53534388542175
Twitter: 0.26833701133728
Wikipedia: 0.24736714363098
Wikipedia page: 1.3788359165192
Yahoo: 0.25998783111572
Yahoo search: 0.18822598457336
YouTube: 0.68223190307617
YouTube video: 0.48872900009155
