Amazon: 1.0226809978485
Amazon Fire HD 6: 1.0767648220062
baidu: 1.397176027298
baidu search: 0.73400902748108
Facebook: 1.3394777774811
Google: 0.55156302452087
Google search: 0.6631760597229
hao123: 1.0334799289703
LinkedIn: 1.0243849754333
qq.com: 0.59266209602356
qq.com search: 0.13000512123108
sina: 0.90730500221252
taobao: 0.92126989364624
taobao search: 0.84742498397827
Twitter: 0.58859205245972
Wikipedia: 0.43390989303589
Wikipedia page: 1.7879810333252
Yahoo: 0.34612989425659
Yahoo search: 0.79032278060913
YouTube: 0.91073989868164
YouTube video: 0.77702212333679
Amazon: 1.0738580226898
Amazon Fire HD 6: 1.5225698947906
baidu: 0.23740911483765
baidu search: 0.41060996055603
Facebook: 1.3771948814392
Google: 0.42885303497314
Google search: 0.55320501327515
hao123: 0.26762413978577
LinkedIn: 1.2865781784058
qq.com: 1.2635879516602
qq.com search: 0.18382883071899
sina: 0.98421382904053
taobao: 2.1884889602661
taobao search: 0.70036697387695
Twitter: 0.58188891410828
Wikipedia: 0.59698104858398
Wikipedia page: 1.7239818572998
Yahoo: 0.2685489654541
Yahoo search: 0.29885601997375
YouTube: 0.94115495681763
YouTube video: 0.39192700386047
Amazon: 0.67534899711609
Amazon Fire HD 6: 1.0261299610138
baidu: 0.25940299034119
baidu search: 0.34096193313599
Facebook: 1.6243181228638
Google: 0.3634181022644
Google search: 0.50483202934265
hao123: 0.2568199634552
LinkedIn: 1.0483210086823
qq.com: 1.4419419765472
qq.com search: 0.27379894256592
sina: 1.0231831073761
taobao: 2.5766489505768
taobao search: 0.65444898605347
Twitter: 0.50559902191162
Wikipedia: 0.40291309356689
Wikipedia page: 1.6727728843689
Yahoo: 0.2432861328125
Yahoo search: 0.21297216415405
YouTube: 0.87891101837158
YouTube video: 0.44175291061401
