Amazon: 1.0193889141083
Amazon Fire HD 6: 0.94367599487305
baidu: 1.1732659339905
baidu search: 0.71110987663269
Facebook: 1.1625969409943
Google: 0.4346981048584
Google search: 0.55102109909058
hao123: 0.97281289100647
LinkedIn: 0.91255807876587
qq.com: 0.87009000778198
qq.com search: 0.19696593284607
sina: 0.94289708137512
taobao: 0.94669198989868
taobao search: 0.76689410209656
Twitter: 0.390869140625
Wikipedia: 0.68842506408691
Wikipedia page: 1.7903561592102
Yahoo: 0.30225586891174
Yahoo search: 0.22608804702759
YouTube: 1.1337418556213
YouTube video: 0.63625502586365
Amazon: 0.71589088439941
Amazon Fire HD 6: 1.5219748020172
baidu: 0.23692917823792
baidu search: 0.28766512870789
Facebook: 1.481812953949
Google: 0.55897402763367
Google search: 0.59176301956177
hao123: 0.28927779197693
LinkedIn: 0.81072902679443
qq.com: 0.60526585578918
qq.com search: 0.25990796089172
sina: 1.4676887989044
taobao: 1.0191080570221
taobao search: 1.2248680591583
Twitter: 0.37760996818542
Wikipedia: 0.83740615844727
Wikipedia page: 1.596127986908
Yahoo: 0.3036642074585
Yahoo search: 0.30654883384705
YouTube: 0.91155791282654
YouTube video: 0.51895594596863
Amazon: 0.7438850402832
Amazon Fire HD 6: 1.3541131019592
baidu: 0.18323397636414
baidu search: 0.27209901809692
Facebook: 1.2405619621277
Google: 0.5464301109314
Google search: 0.67441582679749
hao123: 0.39777684211731
LinkedIn: 0.83044004440308
qq.com: 0.47903609275818
qq.com search: 0.1716251373291
sina: 1.2669570446014
taobao: 1.0190329551697
taobao search: 0.82262182235718
Twitter: 0.47570896148682
Wikipedia: 0.3374969959259
Wikipedia page: 1.6662018299103
Yahoo: 0.27492189407349
Yahoo search: 0.22085499763489
YouTube: 1.0816428661346
YouTube video: 0.54559016227722
