Amazon: 1.4338319301605
Amazon Fire HD 6: 1.9304780960083
baidu: 0.18521809577942
baidu search: 0.28925085067749
Facebook: 1.4268310070038
Google: 0.4870331287384
Google search: 0.55154299736023
hao123: 0.31597685813904
LinkedIn: 1.3860700130463
qq.com: 0.60228395462036
qq.com search: 0.13542985916138
sina: 1.2488150596619
taobao: 2.1908400058746
taobao search: 0.57847690582275
Twitter: 0.30755400657654
Wikipedia: 1.0387461185455
Wikipedia page: 2.0151739120483
Yahoo: 0.23347806930542
Yahoo search: 0.23305892944336
YouTube: 0.80607295036316
YouTube video: 0.74272418022156
Amazon: 0.99421620368958
Amazon Fire HD 6: 1.5294771194458
baidu: 0.21418905258179
baidu search: 0.33373999595642
Facebook: 1.4711108207703
Google: 0.37688088417053
Google search: 0.43816709518433
hao123: 0.22044920921326
LinkedIn: 1.7299559116364
qq.com: 0.52153015136719
qq.com search: 0.16961097717285
sina: 0.77506184577942
taobao: 2.8468341827393
taobao search: 1.0445830821991
Twitter: 0.28746199607849
Wikipedia: 0.28395915031433
Wikipedia page: 1.2375810146332
Yahoo: 0.22341299057007
Yahoo search: 0.2198441028595
YouTube: 0.63426995277405
YouTube video: 0.4272301197052
Amazon: 0.89938592910767
Amazon Fire HD 6: 1.4594850540161
baidu: 0.22227883338928
baidu search: 0.47890686988831
Facebook: 1.296108007431
Google: 0.48454999923706
Google search: 0.52652502059937
hao123: 0.51528286933899
LinkedIn: 0.80561900138855
qq.com: 0.54433393478394
qq.com search: 0.27749681472778
sina: 0.87950396537781
taobao: 1.1781339645386
taobao search: 0.69098997116089
Twitter: 0.41686296463013
Wikipedia: 0.58157587051392
Wikipedia page: 1.3192918300629
Yahoo: 0.23721599578857
Yahoo search: 0.17862391471863
YouTube: 0.69448685646057
YouTube video: 1.1257319450378
