Amazon: 1.2966639995575
Amazon Fire HD 6: 1.2204740047455
baidu: 0.40274596214294
baidu search: 1.8624057769775
Facebook: 1.5574271678925
Google: 0.46026802062988
Google search: 0.69922995567322
hao123: 1.0536489486694
LinkedIn: 0.85018491744995
qq.com: 0.65406107902527
qq.com search: 0.20762586593628
sina: 0.86815404891968
taobao: 1.0629818439484
taobao search: 0.86102890968323
Twitter: 0.59044599533081
Wikipedia: 0.48715305328369
Wikipedia page: 1.9965188503265
Yahoo: 0.31050801277161
Yahoo search: 0.35093307495117
YouTube: 1.3936538696289
YouTube video: 0.59188914299011
Amazon: 0.82788705825806
Amazon Fire HD 6: 1.4395861625671
baidu: 0.23082113265991
baidu search: 0.33475112915039
Facebook: 1.2870078086853
Google: 0.59629201889038
Google search: 0.46589398384094
hao123: 0.30731892585754
LinkedIn: 0.85728788375854
qq.com: 0.55872893333435
qq.com search: 0.24653506278992
sina: 1.4206690788269
taobao: 0.99831795692444
taobao search: 0.78058791160583
Twitter: 0.49341702461243
Wikipedia: 0.34500288963318
Wikipedia page: 1.8870348930359
Yahoo: 0.25736212730408
Yahoo search: 0.24779796600342
YouTube: 0.65282416343689
YouTube video: 0.54072499275208
Amazon: 0.71876192092896
Amazon Fire HD 6: 1.3433651924133
baidu: 0.29606294631958
baidu search: 0.50319314002991
Facebook: 1.5515549182892
Google: 0.41790890693665
Google search: 0.52224278450012
hao123: 0.31503009796143
LinkedIn: 0.80071687698364
qq.com: 0.45916509628296
qq.com search: 0.17440700531006
sina: 1.0297698974609
taobao: 1.2526359558105
taobao search: 0.91309595108032
Twitter: 0.34090900421143
Wikipedia: 0.32400608062744
Wikipedia page: 1.2905638217926
Yahoo: 0.2711329460144
Yahoo search: 0.23450803756714
YouTube: 0.9173309803009
YouTube video: 1.6766328811646
