Amazon: 1.2128009796143
Amazon Fire HD 6: 1.4755690097809
baidu: 0.16158103942871
baidu search: 0.21272206306458
Facebook: 1.4722378253937
Google: 0.35731792449951
Google search: 0.42428302764893
hao123: 0.31686902046204
LinkedIn: 0.83435988426208
qq.com: 0.58046197891235
qq.com search: 0.12439298629761
sina: 0.83488798141479
taobao: 0.77226305007935
taobao search: 0.56474089622498
Twitter: 0.47203397750854
Wikipedia: 0.34372091293335
Wikipedia page: 1.4670939445496
Yahoo: 0.24010610580444
Yahoo search: 0.22770500183105
YouTube: 0.75953984260559
YouTube video: 0.38495397567749
Amazon: 1.0092439651489
Amazon Fire HD 6: 1.9563071727753
baidu: 0.17012500762939
baidu search: 0.21387505531311
Facebook: 1.3158669471741
Google: 0.34719491004944
Google search: 0.42015600204468
hao123: 0.22208118438721
LinkedIn: 0.68999409675598
qq.com: 0.3751220703125
qq.com search: 0.13626003265381
sina: 0.79223799705505
taobao: 0.77261304855347
taobao search: 0.44247508049011
Twitter: 0.2844409942627
Wikipedia: 0.36936283111572
Wikipedia page: 1.6325058937073
Yahoo: 0.2525589466095
Yahoo search: 0.17851805686951
YouTube: 0.69680285453796
YouTube video: 0.30018281936646
Amazon: 1.2484700679779
Amazon Fire HD 6: 1.6238799095154
baidu: 0.1850700378418
baidu search: 0.28522109985352
Facebook: 1.2063059806824
Google: 0.63788104057312
Google search: 0.43352603912354
hao123: 0.30804800987244
LinkedIn: 0.68284702301025
qq.com: 0.47353100776672
qq.com search: 0.12459707260132
sina: 0.68176293373108
taobao: 0.64688396453857
taobao search: 0.52216386795044
Twitter: 0.28169393539429
Wikipedia: 0.33993697166443
Wikipedia page: 1.2263429164886
Yahoo: 0.22267413139343
Yahoo search: 0.24462199211121
YouTube: 0.78011608123779
YouTube video: 0.4590859413147
