Amazon: 1.1320259571075
Amazon Fire HD 6: 1.304719209671
baidu: 0.22356295585632
baidu search: 0.3178231716156
Facebook: 1.5572419166565
Google: 0.29815006256104
Google search: 0.34564995765686
hao123: 0.37361288070679
LinkedIn: 0.90828895568848
qq.com: 0.54929685592651
qq.com search: 0.17492890357971
sina: 0.89559006690979
taobao: 1.2598669528961
taobao search: 0.65444302558899
Twitter: 0.40767788887024
Wikipedia: 0.32638788223267
Wikipedia page: 1.4899940490723
Yahoo: 0.18374395370483
Yahoo search: 0.17493295669556
YouTube: 0.61298298835754
YouTube video: 0.39682412147522
Amazon: 1.0626811981201
Amazon Fire HD 6: 1.7692558765411
baidu: 0.22975921630859
baidu search: 0.25653386116028
Facebook: 1.5786020755768
Google: 0.40910005569458
Google search: 0.46669411659241
hao123: 0.31060385704041
LinkedIn: 0.85309600830078
qq.com: 0.50028896331787
qq.com search: 0.1459698677063
sina: 0.84877300262451
taobao: 1.1843440532684
taobao search: 0.69025802612305
Twitter: 0.43438196182251
Wikipedia: 0.35051393508911
Wikipedia page: 1.5435099601746
Yahoo: 0.19771981239319
Yahoo search: 0.17596197128296
YouTube: 0.60245990753174
YouTube video: 1.3369891643524
Amazon: 1.0225739479065
Amazon Fire HD 6: 1.5104079246521
baidu: 0.20979380607605
baidu search: 0.3080267906189
Facebook: 1.1322350502014
Google: 0.40970015525818
Google search: 0.44450092315674
hao123: 0.25392389297485
LinkedIn: 0.98114085197449
qq.com: 0.46415090560913
qq.com search: 0.15841794013977
sina: 0.84687805175781
taobao: 2.2713401317596
taobao search: 0.55466604232788
Twitter: 0.30230689048767
Wikipedia: 0.3444459438324
Wikipedia page: 1.2483580112457
Yahoo: 0.23371005058289
Yahoo search: 0.19462299346924
YouTube: 0.74421787261963
YouTube video: 0.63077902793884
