Amazon: 1.4959228038788
Amazon Fire HD 6: 1.3565919399261
baidu: 0.15045404434204
baidu search: 0.22058486938477
Facebook: 1.4440670013428
Google: 0.51766490936279
Google search: 0.43963193893433
hao123: 0.27092003822327
LinkedIn: 0.84910416603088
qq.com: 0.54564714431763
qq.com search: 0.13607692718506
sina: 0.90908193588257
taobao: 0.98790597915649
taobao search: 0.66190695762634
Twitter: 0.32191801071167
Wikipedia: 0.34049105644226
Wikipedia page: 1.5419709682465
Yahoo: 0.24766778945923
Yahoo search: 0.22485780715942
YouTube: 0.76865005493164
YouTube video: 0.41641998291016
Amazon: 0.88050818443298
Amazon Fire HD 6: 1.9607100486755
baidu: 0.1712019443512
baidu search: 0.24951195716858
Facebook: 1.1522920131683
Google: 0.42452716827393
Google search: 0.55913400650024
hao123: 0.36213302612305
LinkedIn: 0.78391289710999
qq.com: 0.60626006126404
qq.com search: 0.17797303199768
sina: 1.0921218395233
taobao: 0.8729989528656
taobao search: 0.70441508293152
Twitter: 0.50919508934021
Wikipedia: 0.2668719291687
Wikipedia page: 1.4550271034241
Yahoo: 0.2484610080719
Yahoo search: 0.21891283988953
YouTube: 0.74286293983459
YouTube video: 0.76579785346985
Amazon: 1.6421871185303
Amazon Fire HD 6: 1.6233439445496
baidu: 0.19044303894043
baidu search: 0.26654720306396
Facebook: 1.1109938621521
Google: 0.4440450668335
Google search: 0.52168393135071
hao123: 0.50828099250793
LinkedIn: 0.80454897880554
qq.com: 0.49897408485413
qq.com search: 0.13792610168457
sina: 0.77691507339478
taobao: 0.89755392074585
taobao search: 0.59714508056641
Twitter: 0.26170897483826
Wikipedia: 0.32283592224121
Wikipedia page: 1.5442659854889
Yahoo: 0.21220016479492
Yahoo search: 0.17403101921082
YouTube: 0.67840695381165
YouTube video: 0.37539100646973
