Amazon: 1.1721339225769
Amazon Fire HD 6: 1.5972230434418
baidu: 0.13415479660034
baidu search: 0.21116590499878
Facebook: 0.94503402709961
Google: 0.36905193328857
Google search: 0.45798516273499
hao123: 0.31236004829407
LinkedIn: 0.66691899299622
qq.com: 0.39110207557678
qq.com search: 0.11152195930481
sina: 0.76366090774536
taobao: 0.8285961151123
taobao search: 0.66854906082153
Twitter: 0.25990009307861
Wikipedia: 0.29047393798828
Wikipedia page: 1.8170700073242
Yahoo: 0.21632790565491
Yahoo search: 0.20622491836548
YouTube: 0.72536301612854
YouTube video: 0.40830683708191
Amazon: 0.94246387481689
Amazon Fire HD 6: 1.8078429698944
baidu: 0.16389489173889
baidu search: 0.21766519546509
Facebook: 0.96695280075073
Google: 0.57703614234924
Google search: 0.37321805953979
hao123: 0.2461941242218
LinkedIn: 0.6076078414917
qq.com: 0.41492795944214
qq.com search: 0.1243109703064
sina: 0.62743210792542
taobao: 0.73264718055725
taobao search: 0.55390501022339
Twitter: 0.33787798881531
Wikipedia: 0.34343910217285
Wikipedia page: 1.913321018219
Yahoo: 0.26906895637512
Yahoo search: 0.2053759098053
YouTube: 0.73844194412231
YouTube video: 0.40197110176086
Amazon: 0.92667388916016
Amazon Fire HD 6: 1.3176870346069
baidu: 0.17434692382812
baidu search: 0.24126601219177
Facebook: 0.98767685890198
Google: 0.3266749382019
Google search: 0.41048502922058
hao123: 0.32093501091003
LinkedIn: 0.74486303329468
qq.com: 0.33024597167969
qq.com search: 0.11818885803223
sina: 0.72590899467468
taobao: 1.4321718215942
taobao search: 0.54026198387146
Twitter: 0.26619505882263
Wikipedia: 0.27614784240723
Wikipedia page: 1.6091551780701
Yahoo: 0.24568104743958
Yahoo search: 0.18449902534485
YouTube: 0.61339211463928
YouTube video: 0.57913613319397
