Amazon: 1.2293860912323
Amazon Fire HD 6: 1.0857520103455
baidu: 0.28174710273743
baidu search: 0.73315501213074
Facebook: 1.4660367965698
Google: 0.56033706665039
Google search: 0.56364107131958
hao123: 0.95216798782349
LinkedIn: 0.85704898834229
qq.com: 0.91788005828857
qq.com search: 0.45228099822998
sina: 1.0044620037079
taobao: 1.0311000347137
taobao search: 0.88926696777344
Twitter: 1.0672991275787
Wikipedia: 0.54169988632202
Wikipedia page: 2.4574539661407
Yahoo: 0.27592301368713
Yahoo search: 0.23738193511963
YouTube: 0.72532296180725
YouTube video: 0.42941212654114
Amazon: 0.76899409294128
Amazon Fire HD 6: 1.088565826416
baidu: 0.23626184463501
baidu search: 0.33383798599243
Facebook: 1.3877000808716
Google: 0.56213998794556
Google search: 0.48027896881104
hao123: 0.22670388221741
LinkedIn: 0.88141202926636
qq.com: 0.57990503311157
qq.com search: 0.24613189697266
sina: 1.1162090301514
taobao: 1.9003391265869
taobao search: 0.55377817153931
Twitter: 0.4618091583252
Wikipedia: 0.52659010887146
Wikipedia page: 1.6327879428864
Yahoo: 0.25608801841736
Yahoo search: 0.30587100982666
YouTube: 0.98004293441772
YouTube video: 1.3995311260223
Amazon: 0.64552593231201
Amazon Fire HD 6: 1.2517600059509
baidu: 0.1905620098114
baidu search: 0.29958701133728
Facebook: 1.2669141292572
Google: 0.38676404953003
Google search: 0.5269238948822
hao123: 0.51004099845886
LinkedIn: 0.82104206085205
qq.com: 0.54231405258179
qq.com search: 0.75182390213013
sina: 0.84015607833862
taobao: 1.5421597957611
taobao search: 1.2224400043488
Twitter: 0.55684804916382
Wikipedia: 0.42798089981079
Wikipedia page: 1.7804319858551
Yahoo: 0.25504016876221
Yahoo search: 0.23580408096313
YouTube: 0.72238802909851
YouTube video: 0.42316794395447
