Amazon: 2.4310541152954
Amazon Fire HD 6: 1.4774141311646
baidu: 0.16684794425964
baidu search: 0.25370478630066
Facebook: 1.4433698654175
Google: 0.40689992904663
Google search: 0.48874688148499
hao123: 0.28743004798889
LinkedIn: 0.80355906486511
qq.com: 0.45267796516418
qq.com search: 0.12942409515381
sina: 0.74064898490906
taobao: 0.98600912094116
taobao search: 0.67274212837219
Twitter: 0.32317900657654
Wikipedia: 0.2584331035614
Wikipedia page: 2.2807741165161
Yahoo: 0.26999115943909
Yahoo search: 0.24879908561707
YouTube: 0.94023013114929
YouTube video: 0.72058200836182
Amazon: 1.6387240886688
Amazon Fire HD 6: 1.7508878707886
baidu: 0.19121599197388
baidu search: 0.51694297790527
Facebook: 1.1069509983063
Google: 0.35951900482178
Google search: 0.39319491386414
hao123: 0.26531314849854
LinkedIn: 0.98344492912292
qq.com: 0.44229006767273
qq.com search: 0.1344690322876
sina: 0.90244793891907
taobao: 1.217887878418
taobao search: 1.0841498374939
Twitter: 0.33428287506104
Wikipedia: 0.3014760017395
Wikipedia page: 1.7611939907074
Yahoo: 0.29232907295227
Yahoo search: 0.28547406196594
YouTube: 0.98433113098145
YouTube video: 0.88209795951843
Amazon: 1.3387870788574
Amazon Fire HD 6: 1.5166680812836
baidu: 0.29438710212708
baidu search: 0.22700691223145
Facebook: 1.1338629722595
Google: 0.43130993843079
Google search: 0.49106788635254
hao123: 0.33439588546753
LinkedIn: 0.84389400482178
qq.com: 0.37682700157166
qq.com search: 0.13517904281616
sina: 1.1471040248871
taobao: 0.87792015075684
taobao search: 0.59966993331909
Twitter: 0.33985304832458
Wikipedia: 0.27929306030273
Wikipedia page: 1.4539670944214
Yahoo: 0.30128407478333
Yahoo search: 0.23039412498474
YouTube: 0.81544995307922
YouTube video: 0.49971914291382
