Amazon: 1.09170794487
Amazon Fire HD 6: 0.9399528503418
baidu: 1.1211071014404
baidu search: 0.69220590591431
Facebook: 1.2037780284882
Google: 0.45304584503174
Google search: 0.51685309410095
hao123: 0.96083188056946
LinkedIn: 0.90715003013611
qq.com: 0.81469798088074
qq.com search: 0.36439990997314
sina: 0.87206387519836
taobao: 0.85971188545227
taobao search: 0.57206797599792
Twitter: 0.44783687591553
Wikipedia: 0.40520310401917
Wikipedia page: 1.7464220523834
Yahoo: 0.29325890541077
Yahoo search: 0.22355604171753
YouTube: 0.72387886047363
YouTube video: 0.43525004386902
Amazon: 1.0414760112762
Amazon Fire HD 6: 1.1843709945679
baidu: 0.21326613426208
baidu search: 0.37566590309143
Facebook: 1.229336977005
Google: 0.4652988910675
Google search: 0.57279706001282
hao123: 0.40017604827881
LinkedIn: 0.82087898254395
qq.com: 0.71652007102966
qq.com search: 0.28892493247986
sina: 0.87325382232666
taobao: 1.3668191432953
taobao search: 0.96951603889465
Twitter: 0.50714778900146
Wikipedia: 0.4234938621521
Wikipedia page: 1.4963250160217
Yahoo: 0.96178102493286
Yahoo search: 0.30228400230408
YouTube: 0.80836296081543
YouTube video: 0.48871302604675
Amazon: 0.82818388938904
Amazon Fire HD 6: 1.3253810405731
baidu: 0.22536587715149
baidu search: 0.30283308029175
Facebook: 1.1850900650024
Google: 0.43224692344666
Google search: 0.46685600280762
hao123: 0.26242184638977
LinkedIn: 0.79264998435974
qq.com: 0.60737085342407
qq.com search: 0.17072296142578
sina: 1.2044699192047
taobao: 0.95156097412109
taobao search: 0.68075799942017
Twitter: 0.50599694252014
Wikipedia: 0.88471484184265
Wikipedia page: 1.8244631290436
Yahoo: 0.32765102386475
Yahoo search: 0.29031491279602
YouTube: 1.0352268218994
YouTube video: 0.57813096046448
