Amazon: 1.530928850174
Amazon Fire HD 6: 1.7279281616211
baidu: 0.20113015174866
baidu search: 0.46823000907898
Facebook: 1.1982491016388
Google: 0.40373802185059
Google search: 0.40648198127747
hao123: 0.22045588493347
LinkedIn: 0.76543402671814
qq.com: 0.58789992332458
qq.com search: 0.25867295265198
sina: 0.73151302337646
taobao: 1.0166959762573
taobao search: 0.67725014686584
Twitter: 0.32200694084167
Wikipedia: 0.32656693458557
Wikipedia page: 1.3754980564117
Yahoo: 0.25129890441895
Yahoo search: 0.25996899604797
YouTube: 0.90449404716492
YouTube video: 0.79577803611755
Amazon: 1.0758950710297
Amazon Fire HD 6: 1.9584548473358
baidu: 0.18669080734253
baidu search: 0.26017093658447
Facebook: 1.1731131076813
Google: 0.46320104598999
Google search: 0.35668897628784
hao123: 0.18924498558044
LinkedIn: 0.71423697471619
qq.com: 0.5135440826416
qq.com search: 0.30071592330933
sina: 0.70107102394104
taobao: 2.4700701236725
taobao search: 0.60485506057739
Twitter: 0.29509592056274
Wikipedia: 0.29451990127563
Wikipedia page: 1.6985800266266
Yahoo: 0.24449300765991
Yahoo search: 0.22771000862122
YouTube: 0.67726802825928
YouTube video: 0.6192638874054
Amazon: 1.3436479568481
Amazon Fire HD 6: 1.6064608097076
baidu: 0.16016793251038
baidu search: 0.595871925354
Facebook: 0.98240995407104
Google: 0.3413200378418
Google search: 0.37264204025269
hao123: 0.20803284645081
LinkedIn: 1.2796161174774
qq.com: 0.43917202949524
qq.com search: 0.12896800041199
sina: 0.76604604721069
taobao: 2.094938993454
taobao search: 0.8476231098175
Twitter: 0.34565401077271
Wikipedia: 0.29135608673096
Wikipedia page: 1.4576280117035
Yahoo: 0.2858419418335
Yahoo search: 0.17906618118286
YouTube: 0.73852014541626
YouTube video: 0.70327687263489
