Amazon: 1.3398849964142
Amazon Fire HD 6: 2.2142541408539
baidu: 0.17509293556213
baidu search: 0.26264190673828
Facebook: 1.1199448108673
Google: 0.4250009059906
Google search: 0.46759414672852
hao123: 0.40278697013855
LinkedIn: 0.93404102325439
qq.com: 1.1165971755981
qq.com search: 0.36777496337891
sina: 1.0902979373932
taobao: 0.96444702148438
taobao search: 0.57265710830688
Twitter: 0.32777500152588
Wikipedia: 0.32850813865662
Wikipedia page: 1.486053943634
Yahoo: 0.18811202049255
Yahoo search: 0.19652414321899
YouTube: 1.2483069896698
YouTube video: 1.1677460670471
Amazon: 1.198352098465
Amazon Fire HD 6: 2.2272930145264
baidu: 0.17438697814941
baidu search: 0.26628398895264
Facebook: 1.2439930438995
Google: 0.37607884407043
Google search: 0.46273708343506
hao123: 0.2335479259491
LinkedIn: 0.77019000053406
qq.com: 0.5284321308136
qq.com search: 0.54131484031677
sina: 1.0073239803314
taobao: 0.93895506858826
taobao search: 0.69280600547791
Twitter: 0.39946293830872
Wikipedia: 0.32598495483398
Wikipedia page: 1.2409207820892
Yahoo: 0.26163482666016
Yahoo search: 0.21558213233948
YouTube: 0.94220900535583
YouTube video: 0.59792494773865
Amazon: 1.3751380443573
Amazon Fire HD 6: 2.5868279933929
baidu: 0.19289302825928
baidu search: 0.30575585365295
Facebook: 1.4704818725586
Google: 0.40110206604004
Google search: 0.39813685417175
hao123: 0.27184200286865
LinkedIn: 0.82828307151794
qq.com: 0.51976013183594
qq.com search: 0.23982906341553
sina: 0.92911982536316
taobao: 2.3436999320984
taobao search: 0.59372806549072
Twitter: 0.36756014823914
Wikipedia: 0.39701008796692
Wikipedia page: 1.4183950424194
Yahoo: 0.23229002952576
Yahoo search: 0.19669699668884
YouTube: 0.62038493156433
YouTube video: 0.41954302787781
