Amazon: 0.95243382453918
Amazon Fire HD 6: 0.94647192955017
baidu: 0.24168419837952
baidu search: 1.5729970932007
Facebook: 1.2211148738861
Google: 0.41872191429138
Google search: 0.48092889785767
hao123: 0.61461091041565
LinkedIn: 0.78366303443909
qq.com: 0.55059003829956
qq.com search: 0.17802309989929
sina: 0.99073100090027
taobao: 1.0021920204163
taobao search: 0.60850405693054
Twitter: 0.40917801856995
Wikipedia: 0.40459513664246
Wikipedia page: 1.7854189872742
Yahoo: 0.3151068687439
Yahoo search: 0.24956393241882
YouTube: 0.72611689567566
YouTube video: 0.42932295799255
Amazon: 0.78576397895813
Amazon Fire HD 6: 1.4408459663391
baidu: 0.24902105331421
baidu search: 0.29026412963867
Facebook: 1.1425650119781
Google: 0.4656720161438
Google search: 0.5398530960083
hao123: 0.43994808197021
LinkedIn: 0.86680698394775
qq.com: 0.83244299888611
qq.com search: 0.26221799850464
sina: 0.90730881690979
taobao: 1.8362448215485
taobao search: 0.8022768497467
Twitter: 0.3755841255188
Wikipedia: 0.29508280754089
Wikipedia page: 1.318372964859
Yahoo: 0.25757002830505
Yahoo search: 0.23706197738647
YouTube: 0.77976489067078
YouTube video: 0.42714905738831
Amazon: 0.78828597068787
Amazon Fire HD 6: 1.2556328773499
baidu: 0.2003231048584
baidu search: 0.25863003730774
Facebook: 1.1387031078339
Google: 0.54985189437866
Google search: 0.71431493759155
hao123: 0.28199791908264
LinkedIn: 0.93748998641968
qq.com: 0.54795813560486
qq.com search: 0.18636798858643
sina: 1.2202119827271
taobao: 1.314817905426
taobao search: 0.778165102005
Twitter: 0.77353692054749
Wikipedia: 0.30686593055725
Wikipedia page: 1.5152068138123
Yahoo: 0.26424193382263
Yahoo search: 0.74423885345459
YouTube: 0.81726789474487
YouTube video: 0.53148603439331
