Amazon: 1.2439048290253
Amazon Fire HD 6: 1.4315989017487
baidu: 0.15055298805237
baidu search: 0.23644089698792
Facebook: 1.6177480220795
Google: 0.35531401634216
Google search: 0.42469596862793
hao123: 0.21144914627075
LinkedIn: 0.82143187522888
qq.com: 0.61577415466309
qq.com search: 0.16010594367981
sina: 1.050595998764
taobao: 1.0083789825439
taobao search: 0.88210010528564
Twitter: 0.32462382316589
Wikipedia: 0.32208108901978
Wikipedia page: 1.3993899822235
Yahoo: 0.25132894515991
Yahoo search: 0.21565389633179
YouTube: 0.76081395149231
YouTube video: 0.57791090011597
Amazon: 0.85853910446167
Amazon Fire HD 6: 1.9256629943848
baidu: 0.17791891098022
baidu search: 0.22166705131531
Facebook: 1.0191879272461
Google: 0.59269618988037
Google search: 0.48646020889282
hao123: 0.30710983276367
LinkedIn: 0.75048804283142
qq.com: 0.34894394874573
qq.com search: 0.12471008300781
sina: 0.76853513717651
taobao: 1.2950930595398
taobao search: 0.62596917152405
Twitter: 0.30356907844543
Wikipedia: 0.26951599121094
Wikipedia page: 1.550998210907
Yahoo: 0.22160387039185
Yahoo search: 0.20455098152161
YouTube: 0.68688201904297
YouTube video: 1.0143048763275
Amazon: 1.0892109870911
Amazon Fire HD 6: 1.1976449489594
baidu: 0.17957997322083
baidu search: 0.22761511802673
Facebook: 1.1658849716187
Google: 0.37410712242126
Google search: 0.39120006561279
hao123: 0.20080590248108
LinkedIn: 0.80837798118591
qq.com: 0.43870210647583
qq.com search: 0.13101601600647
sina: 0.71975898742676
taobao: 2.0860021114349
taobao search: 0.66306805610657
Twitter: 0.32351517677307
Wikipedia: 0.29838085174561
Wikipedia page: 1.2540051937103
Yahoo: 0.2120680809021
Yahoo search: 0.2145528793335
YouTube: 1.1628091335297
YouTube video: 0.80353212356567
