Amazon: 1.100487947464
Amazon Fire HD 6: 1.2282400131226
baidu: 0.27824115753174
baidu search: 0.21254014968872
Facebook: 0.94051694869995
Google: 0.32705807685852
Google search: 0.37978005409241
hao123: 0.19243812561035
LinkedIn: 0.66709613800049
qq.com: 0.45035004615784
qq.com search: 0.10485005378723
sina: 1.2556710243225
taobao: 1.6788809299469
taobao search: 0.53481507301331
Twitter: 0.3403308391571
Wikipedia: 0.40197801589966
Wikipedia page: 1.3798840045929
Yahoo: 0.22934603691101
Yahoo search: 0.18856811523438
YouTube: 0.67364692687988
YouTube video: 0.72714304924011
Amazon: 1.2013490200043
Amazon Fire HD 6: 1.2747461795807
baidu: 0.12914609909058
baidu search: 0.20403289794922
Facebook: 0.6351420879364
Google: 0.33994102478027
Google search: 0.39732503890991
hao123: 0.19048118591309
LinkedIn: 1.3014271259308
qq.com: 0.34985709190369
qq.com search: 0.12238883972168
sina: 0.75449204444885
taobao: 1.2040419578552
taobao search: 0.61833715438843
Twitter: 0.26619410514832
Wikipedia: 0.25810408592224
Wikipedia page: 1.668851852417
Yahoo: 0.23866486549377
Yahoo search: 0.1937370300293
YouTube: 0.73483490943909
YouTube video: 0.62400603294373
Amazon: 1.1533629894257
Amazon Fire HD 6: 1.2113580703735
baidu: 0.13150691986084
baidu search: 0.23238897323608
Facebook: 0.93911504745483
Google: 0.82741904258728
Google search: 0.36836504936218
hao123: 0.33617615699768
LinkedIn: 0.77739000320435
qq.com: 0.6479811668396
qq.com search: 0.14971995353699
sina: 0.79207897186279
taobao: 1.4597551822662
taobao search: 0.55786108970642
Twitter: 0.273677110672
Wikipedia: 0.24390482902527
Wikipedia page: 1.3346621990204
Yahoo: 0.22028112411499
Yahoo search: 0.16978192329407
YouTube: 0.70437502861023
YouTube video: 0.67462706565857
