Amazon: 1.8688480854034
Amazon Fire HD 6: 1.5069921016693
baidu: 0.16835403442383
baidu search: 0.28019189834595
Facebook: 1.4705288410187
Google: 0.44646000862122
Google search: 0.44249987602234
hao123: 0.23927903175354
LinkedIn: 1.1085839271545
qq.com: 1.124370098114
qq.com search: 0.3544008731842
sina: 0.85906505584717
taobao: 1.3077430725098
taobao search: 0.70343685150146
Twitter: 0.36555480957031
Wikipedia: 0.9158411026001
Wikipedia page: 1.7319700717926
Yahoo: 0.24146914482117
Yahoo search: 0.21781396865845
YouTube: 0.9281210899353
YouTube video: 0.92467594146729
Amazon: 1.321366071701
Amazon Fire HD 6: 2.0187981128693
baidu: 0.1754469871521
baidu search: 0.31342887878418
Facebook: 1.5271999835968
Google: 0.48564600944519
Google search: 0.46868586540222
hao123: 0.39741206169128
LinkedIn: 0.89783310890198
qq.com: 0.78701686859131
qq.com search: 0.22313714027405
sina: 1.1287348270416
taobao: 1.8546710014343
taobao search: 0.59033608436584
Twitter: 0.34316301345825
Wikipedia: 0.3793249130249
Wikipedia page: 1.5136110782623
Yahoo: 0.30826210975647
Yahoo search: 0.24645590782166
YouTube: 1.2958190441132
YouTube video: 0.82709908485413
Amazon: 1.5871930122375
Amazon Fire HD 6: 2.6811149120331
baidu: 0.39248394966125
baidu search: 0.25954389572144
Facebook: 1.2085011005402
Google: 0.3764169216156
Google search: 0.37337398529053
hao123: 0.36652612686157
LinkedIn: 0.76351404190063
qq.com: 0.52437090873718
qq.com search: 0.18330502510071
sina: 1.0567331314087
taobao: 1.3783679008484
taobao search: 0.59815192222595
Twitter: 0.36973285675049
Wikipedia: 0.28762316703796
Wikipedia page: 1.2134580612183
Yahoo: 0.22019410133362
Yahoo search: 0.21357917785645
YouTube: 0.77454304695129
YouTube video: 0.48729395866394
