Amazon: 0.98877310752869
Amazon Fire HD 6: 0.90152597427368
baidu: 0.25637292861938
baidu search: 1.5859529972076
Facebook: 1.181746006012
Google: 0.45059299468994
Google search: 0.47867202758789
hao123: 0.68960785865784
LinkedIn: 0.82803201675415
qq.com: 0.63332390785217
qq.com search: 0.28131198883057
sina: 0.92865586280823
taobao: 0.9639949798584
taobao search: 0.75656700134277
Twitter: 0.47696304321289
Wikipedia: 0.38171291351318
Wikipedia page: 1.7031300067902
Yahoo: 0.2820029258728
Yahoo search: 0.24665307998657
YouTube: 0.75602388381958
YouTube video: 0.43377995491028
Amazon: 0.99757409095764
Amazon Fire HD 6: 0.94702816009521
baidu: 0.29738211631775
baidu search: 0.37093901634216
Facebook: 1.51158618927
Google: 0.46962285041809
Google search: 0.60710000991821
hao123: 0.67375898361206
LinkedIn: 0.85092496871948
qq.com: 0.51940202713013
qq.com search: 0.19292593002319
sina: 0.91840314865112
taobao: 0.95650696754456
taobao search: 0.72194910049438
Twitter: 0.38227105140686
Wikipedia: 0.33967900276184
Wikipedia page: 1.673905134201
Yahoo: 0.27337789535522
Yahoo search: 0.22131705284119
YouTube: 0.76725196838379
YouTube video: 0.77443695068359
Amazon: 0.69344997406006
Amazon Fire HD 6: 0.95579695701599
baidu: 0.20895791053772
baidu search: 0.33344411849976
Facebook: 1.7213900089264
Google: 0.43413591384888
Google search: 0.5369610786438
hao123: 0.38346695899963
LinkedIn: 0.87302994728088
qq.com: 0.43001484870911
qq.com search: 0.16686606407166
sina: 0.90133595466614
taobao: 1.1777920722961
taobao search: 0.92212009429932
Twitter: 0.38149404525757
Wikipedia: 0.31983304023743
Wikipedia page: 1.5597858428955
Yahoo: 0.36319899559021
Yahoo search: 0.24049091339111
YouTube: 1.3613579273224
YouTube video: 0.5912709236145
