Amazon: 0.98391008377075
Amazon Fire HD 6: 1.1338369846344
baidu: 1.4850080013275
baidu search: 0.75237894058228
Facebook: 1.4294810295105
Google: 0.56980013847351
Google search: 0.69046998023987
hao123: 1.0096750259399
LinkedIn: 1.1576941013336
qq.com: 0.53536891937256
qq.com search: 0.15919589996338
sina: 0.89748501777649
taobao: 0.94087696075439
taobao search: 0.62787795066833
Twitter: 0.46868801116943
Wikipedia: 0.42994689941406
Wikipedia page: 1.9037230014801
Yahoo: 0.32356595993042
Yahoo search: 0.24933695793152
YouTube: 1.3276941776276
YouTube video: 1.665470123291
Amazon: 0.94497394561768
Amazon Fire HD 6: 1.3585610389709
baidu: 0.26090598106384
baidu search: 0.32962989807129
Facebook: 1.1404120922089
Google: 0.39584994316101
Google search: 0.49662709236145
hao123: 0.25549697875977
LinkedIn: 1.0304160118103
qq.com: 0.77325105667114
qq.com search: 0.16375613212585
sina: 0.96509003639221
taobao: 1.4184820652008
taobao search: 0.62129306793213
Twitter: 0.40945196151733
Wikipedia: 0.55228209495544
Wikipedia page: 1.6497979164124
Yahoo: 0.2719361782074
Yahoo search: 0.27321100234985
YouTube: 0.70853185653687
YouTube video: 0.617506980896
Amazon: 0.76936197280884
Amazon Fire HD 6: 0.98698401451111
baidu: 0.20037603378296
baidu search: 0.27294397354126
Facebook: 1.5226240158081
Google: 0.39803290367126
Google search: 0.50072908401489
hao123: 0.22241306304932
LinkedIn: 0.8046190738678
qq.com: 0.50068116188049
qq.com search: 0.14819693565369
sina: 0.87524008750916
taobao: 1.6007499694824
taobao search: 0.5433828830719
Twitter: 0.35531187057495
Wikipedia: 0.3598530292511
Wikipedia page: 1.5313799381256
Yahoo: 0.30250000953674
Yahoo search: 0.23485207557678
YouTube: 0.72431707382202
YouTube video: 0.44159197807312
