Amazon: 1.1644718647003
Amazon Fire HD 6: 2.0017659664154
baidu: 0.16079688072205
baidu search: 0.22846794128418
Facebook: 1.0905311107635
Google: 0.39760184288025
Google search: 0.45602989196777
hao123: 0.33423185348511
LinkedIn: 0.82430911064148
qq.com: 0.49772119522095
qq.com search: 0.12865400314331
sina: 0.76994299888611
taobao: 1.2013227939606
taobao search: 0.52698612213135
Twitter: 0.43656706809998
Wikipedia: 0.4429030418396
Wikipedia page: 1.8981590270996
Yahoo: 0.21956014633179
Yahoo search: 0.20425605773926
YouTube: 1.2551889419556
YouTube video: 0.86159300804138
Amazon: 1.0918319225311
Amazon Fire HD 6: 1.4544770717621
baidu: 0.23417401313782
baidu search: 0.33097815513611
Facebook: 1.1174719333649
Google: 0.3642680644989
Google search: 0.3689661026001
hao123: 0.23883819580078
LinkedIn: 0.70069694519043
qq.com: 0.40074896812439
qq.com search: 0.13002300262451
sina: 0.78910303115845
taobao: 2.0629229545593
taobao search: 0.5102858543396
Twitter: 0.32738590240479
Wikipedia: 0.3225839138031
Wikipedia page: 1.9307041168213
Yahoo: 0.23033285140991
Yahoo search: 0.19986701011658
YouTube: 0.69663715362549
YouTube video: 0.57490515708923
Amazon: 1.0673940181732
Amazon Fire HD 6: 1.4786629676819
baidu: 0.17635297775269
baidu search: 0.22175598144531
Facebook: 1.2975599765778
Google: 0.39418005943298
Google search: 0.38501501083374
hao123: 0.19209790229797
LinkedIn: 0.65623497962952
qq.com: 0.38252115249634
qq.com search: 0.11878108978271
sina: 0.71440196037292
taobao: 0.9506139755249
taobao search: 0.53396701812744
Twitter: 0.27260398864746
Wikipedia: 0.35254693031311
Wikipedia page: 2.0457010269165
Yahoo: 0.28032088279724
Yahoo search: 0.19491696357727
YouTube: 0.67339086532593
YouTube video: 0.39430904388428
