Amazon: 1.0101609230042
Amazon Fire HD 6: 1.1656110286713
baidu: 0.24862384796143
baidu search: 0.68523812294006
Facebook: 1.0509970188141
Google: 0.49261498451233
Google search: 0.63939189910889
hao123: 0.75699496269226
LinkedIn: 0.88520097732544
qq.com: 0.74047684669495
qq.com search: 0.1895809173584
sina: 1.0147359371185
taobao: 1.0398061275482
taobao search: 0.67301797866821
Twitter: 0.42450714111328
Wikipedia: 0.56937599182129
Wikipedia page: 2.0656578540802
Yahoo: 0.34643697738647
Yahoo search: 0.29698705673218
YouTube: 0.80401992797852
YouTube video: 0.75650405883789
Amazon: 0.84937214851379
Amazon Fire HD 6: 1.3429250717163
baidu: 0.26640892028809
baidu search: 0.42022395133972
Facebook: 1.0857229232788
Google: 0.41820502281189
Google search: 0.46339893341064
hao123: 0.32006907463074
LinkedIn: 0.95156908035278
qq.com: 0.94612097740173
qq.com search: 0.19736409187317
sina: 0.81265020370483
taobao: 1.1799380779266
taobao search: 0.80796098709106
Twitter: 0.43812704086304
Wikipedia: 0.5185079574585
Wikipedia page: 1.5119230747223
Yahoo: 0.34144401550293
Yahoo search: 0.3085310459137
YouTube: 0.91207194328308
YouTube video: 0.63998198509216
Amazon: 0.95014691352844
Amazon Fire HD 6: 1.1512811183929
baidu: 0.24007797241211
baidu search: 0.3045961856842
Facebook: 1.3254799842834
Google: 0.46244096755981
Google search: 0.49748182296753
hao123: 0.30081105232239
LinkedIn: 0.8934850692749
qq.com: 0.64499497413635
qq.com search: 0.22016596794128
sina: 1.5557589530945
taobao: 1.0158269405365
taobao search: 0.87546896934509
Twitter: 0.39891505241394
Wikipedia: 0.39307999610901
Wikipedia page: 1.9086248874664
Yahoo: 0.27907705307007
Yahoo search: 0.25557994842529
YouTube: 0.84993004798889
YouTube video: 0.45691084861755
