Amazon: 1.2125120162964
Amazon Fire HD 6: 1.2783870697021
baidu: 0.15589308738708
baidu search: 0.25170397758484
Facebook: 1.4197940826416
Google: 0.43410801887512
Google search: 0.65290212631226
hao123: 0.31438279151917
LinkedIn: 0.91194009780884
qq.com: 0.53676700592041
qq.com search: 0.1565580368042
sina: 0.92672300338745
taobao: 1.3565669059753
taobao search: 0.63763308525085
Twitter: 0.47339010238647
Wikipedia: 0.56143593788147
Wikipedia page: 1.4072878360748
Yahoo: 0.21664214134216
Yahoo search: 0.19475293159485
YouTube: 0.82940411567688
YouTube video: 1.1433110237122
Amazon: 0.98894500732422
Amazon Fire HD 6: 1.5670530796051
baidu: 0.15146398544312
baidu search: 0.2457869052887
Facebook: 0.9490020275116
Google: 0.7367148399353
Google search: 0.3826379776001
hao123: 0.29136085510254
LinkedIn: 0.66413593292236
qq.com: 0.45994997024536
qq.com search: 0.13085317611694
sina: 0.69574594497681
taobao: 0.88793087005615
taobao search: 0.54231905937195
Twitter: 0.34303212165833
Wikipedia: 0.23731994628906
Wikipedia page: 1.2194981575012
Yahoo: 0.22952103614807
Yahoo search: 0.22462391853333
YouTube: 0.70042490959167
YouTube video: 0.77771401405334
Amazon: 1.1084990501404
Amazon Fire HD 6: 2.0989179611206
baidu: 0.16975498199463
baidu search: 0.23521590232849
Facebook: 1.0168960094452
Google: 0.39346098899841
Google search: 0.33791613578796
hao123: 0.1741418838501
LinkedIn: 0.68122911453247
qq.com: 0.68262791633606
qq.com search: 0.35034418106079
sina: 0.67571711540222
taobao: 0.95271801948547
taobao search: 0.7745189666748
Twitter: 0.38334107398987
Wikipedia: 0.25811004638672
Wikipedia page: 1.3364179134369
Yahoo: 0.44494485855103
Yahoo search: 0.19818305969238
YouTube: 0.71998596191406
YouTube video: 0.61355686187744
