Amazon: 1.3422091007233
Amazon Fire HD 6: 1.183620929718
baidu: 0.14557003974915
baidu search: 0.24859499931335
Facebook: 1.0407359600067
Google: 0.45554995536804
Google search: 0.68110585212708
hao123: 0.22879314422607
LinkedIn: 0.75843906402588
qq.com: 0.65641593933105
qq.com search: 0.10647702217102
sina: 0.76338696479797
taobao: 0.95626902580261
taobao search: 0.68800806999207
Twitter: 0.36016082763672
Wikipedia: 0.28276801109314
Wikipedia page: 1.7077760696411
Yahoo: 0.26217603683472
Yahoo search: 0.2038140296936
YouTube: 0.7969069480896
YouTube video: 0.40196180343628
Amazon: 0.9894380569458
Amazon Fire HD 6: 1.4230580329895
baidu: 0.17239618301392
baidu search: 0.22985100746155
Facebook: 0.92320108413696
Google: 0.35637307167053
Google search: 0.40673017501831
hao123: 0.20095920562744
LinkedIn: 0.63254308700562
qq.com: 0.35048604011536
qq.com search: 0.14300084114075
sina: 1.1451649665833
taobao: 1.2222080230713
taobao search: 0.54447102546692
Twitter: 0.30280494689941
Wikipedia: 0.52467083930969
Wikipedia page: 1.509162902832
Yahoo: 0.2491250038147
Yahoo search: 0.19628190994263
YouTube: 0.70722413063049
YouTube video: 0.39397192001343
Amazon: 1.0292921066284
Amazon Fire HD 6: 1.7231230735779
baidu: 0.14413714408875
baidu search: 0.2124547958374
Facebook: 0.99535894393921
Google: 0.36524486541748
Google search: 0.40911388397217
hao123: 0.21353507041931
LinkedIn: 0.72612404823303
qq.com: 0.51208591461182
qq.com search: 0.83582901954651
sina: 1.0819871425629
taobao: 1.3154520988464
taobao search: 0.83851385116577
Twitter: 0.37246608734131
Wikipedia: 0.3352689743042
Wikipedia page: 1.4293701648712
Yahoo: 0.2828209400177
Yahoo search: 0.20921206474304
YouTube: 0.80243706703186
YouTube video: 0.42624998092651
