Amazon: 1.1352639198303
Amazon Fire HD 6: 1.38849401474
baidu: 0.14986705780029
baidu search: 0.2259042263031
Facebook: 1.0326628684998
Google: 0.33540606498718
Google search: 0.41062879562378
hao123: 0.83823084831238
LinkedIn: 0.85799098014832
qq.com: 0.56641793251038
qq.com search: 0.13396883010864
sina: 0.87969613075256
taobao: 2.0448429584503
taobao search: 0.55310893058777
Twitter: 0.32623291015625
Wikipedia: 0.34788107872009
Wikipedia page: 1.5663890838623
Yahoo: 0.22125697135925
Yahoo search: 0.23799300193787
YouTube: 0.69522309303284
YouTube video: 0.66431093215942
Amazon: 1.006019115448
Amazon Fire HD 6: 1.3930840492249
baidu: 0.14077091217041
baidu search: 0.2163770198822
Facebook: 0.84365081787109
Google: 0.36147284507751
Google search: 0.4564049243927
hao123: 0.21158409118652
LinkedIn: 0.76829504966736
qq.com: 0.42207407951355
qq.com search: 0.17171502113342
sina: 0.90187907218933
taobao: 1.35196185112
taobao search: 0.52453708648682
Twitter: 0.25443506240845
Wikipedia: 0.30734705924988
Wikipedia page: 1.3473401069641
Yahoo: 0.2243812084198
Yahoo search: 0.19474411010742
YouTube: 0.73798894882202
YouTube video: 0.40141010284424
Amazon: 0.91916489601135
Amazon Fire HD 6: 2.051479101181
baidu: 0.1633620262146
baidu search: 0.20756506919861
Facebook: 1.0110640525818
Google: 0.42357301712036
Google search: 0.40538215637207
hao123: 0.18359899520874
LinkedIn: 0.73170113563538
qq.com: 0.37498807907104
qq.com search: 0.12953495979309
sina: 0.76178693771362
taobao: 1.7196869850159
taobao search: 0.46596479415894
Twitter: 0.32349300384521
Wikipedia: 0.3466169834137
Wikipedia page: 1.5123980045319
Yahoo: 0.25940299034119
Yahoo search: 0.19678282737732
YouTube: 0.68842005729675
YouTube video: 0.55961203575134
