Amazon: 1.0875129699707
Amazon Fire HD 6: 0.89152216911316
baidu: 0.31995296478271
baidu search: 0.72569108009338
Facebook: 1.1289329528809
Google: 0.47602295875549
Google search: 0.67308402061462
hao123: 0.74943900108337
LinkedIn: 0.85866189002991
qq.com: 0.88616299629211
qq.com search: 0.20110511779785
sina: 0.92476892471313
taobao: 1.0539660453796
taobao search: 0.86690902709961
Twitter: 0.47352409362793
Wikipedia: 0.56969690322876
Wikipedia page: 1.7736811637878
Yahoo: 0.28101086616516
Yahoo search: 0.22308111190796
YouTube: 0.80011296272278
YouTube video: 2.0540809631348
Amazon: 0.75513696670532
Amazon Fire HD 6: 1.5400698184967
baidu: 0.22600889205933
baidu search: 0.27497315406799
Facebook: 1.2243711948395
Google: 0.79359197616577
Google search: 0.46838903427124
hao123: 0.25599217414856
LinkedIn: 0.89402198791504
qq.com: 0.55890393257141
qq.com search: 0.2595579624176
sina: 1.0780968666077
taobao: 1.1947870254517
taobao search: 0.61560821533203
Twitter: 0.35609984397888
Wikipedia: 0.33041310310364
Wikipedia page: 1.9154779911041
Yahoo: 0.38840413093567
Yahoo search: 0.33916997909546
YouTube: 1.0105769634247
YouTube video: 0.77192807197571
Amazon: 0.67652082443237
Amazon Fire HD 6: 1.0571630001068
baidu: 0.26227903366089
baidu search: 0.27351093292236
Facebook: 1.228639125824
Google: 0.64069414138794
Google search: 0.6261830329895
hao123: 0.38903403282166
LinkedIn: 1.0111620426178
qq.com: 0.49458599090576
qq.com search: 0.1668758392334
sina: 1.0241279602051
taobao: 1.3410131931305
taobao search: 1.2165498733521
Twitter: 0.37965607643127
Wikipedia: 0.39195895195007
Wikipedia page: 1.6619589328766
Yahoo: 0.27860903739929
Yahoo search: 0.22901105880737
YouTube: 0.86333608627319
YouTube video: 0.90261888504028
