Amazon: 1.0432071685791
Amazon Fire HD 6: 0.96980214118958
baidu: 1.5190920829773
baidu search: 0.71459293365479
Facebook: 1.1558589935303
Google: 0.48712086677551
Google search: 0.56974101066589
hao123: 0.78505802154541
LinkedIn: 0.85885691642761
qq.com: 0.90894794464111
qq.com search: 0.18841981887817
sina: 0.90739798545837
taobao: 0.97042798995972
taobao search: 0.60818314552307
Twitter: 0.41260814666748
Wikipedia: 0.40885996818542
Wikipedia page: 1.6789360046387
Yahoo: 0.28473782539368
Yahoo search: 0.20719599723816
YouTube: 0.73397397994995
YouTube video: 2.089742898941
Amazon: 0.76191210746765
Amazon Fire HD 6: 1.5047740936279
baidu: 0.23442220687866
baidu search: 0.26512002944946
Facebook: 1.1616990566254
Google: 0.37832498550415
Google search: 0.47481489181519
hao123: 0.26236510276794
LinkedIn: 0.83698296546936
qq.com: 0.46838092803955
qq.com search: 0.16438698768616
sina: 0.91743803024292
taobao: 1.7878968715668
taobao search: 0.90847611427307
Twitter: 0.47321391105652
Wikipedia: 0.34548091888428
Wikipedia page: 2.1073429584503
Yahoo: 0.42319798469543
Yahoo search: 0.22124791145325
YouTube: 0.76165008544922
YouTube video: 0.38542509078979
Amazon: 0.47876191139221
Amazon Fire HD 6: 1.262521982193
baidu: 0.27100896835327
baidu search: 0.42222213745117
Facebook: 1.0787200927734
Google: 0.43320608139038
Google search: 0.46386694908142
hao123: 0.38813805580139
LinkedIn: 0.75611782073975
qq.com: 0.47176599502563
qq.com search: 0.17155003547668
sina: 0.92391109466553
taobao: 1.0204780101776
taobao search: 0.53874611854553
Twitter: 0.33391499519348
Wikipedia: 0.31571221351624
Wikipedia page: 2.1080420017242
Yahoo: 0.25751900672913
Yahoo search: 0.19129395484924
YouTube: 0.70460605621338
YouTube video: 0.79663181304932
