Amazon: 1.6826601028442
Amazon Fire HD 6: 1.8939740657806
baidu: 0.21409487724304
baidu search: 0.35400915145874
Facebook: 1.3067660331726
Google: 0.37776589393616
Google search: 0.51201510429382
hao123: 0.30592703819275
LinkedIn: 0.91493797302246
qq.com: 0.74936413764954
qq.com search: 0.19926285743713
sina: 1.1301460266113
taobao: 1.0444631576538
taobao search: 0.7553768157959
Twitter: 0.51654887199402
Wikipedia: 0.58654189109802
Wikipedia page: 1.6251320838928
Yahoo: 0.25308108329773
Yahoo search: 0.30147099494934
YouTube: 0.90515804290771
YouTube video: 0.3965950012207
Amazon: 1.0729928016663
Amazon Fire HD 6: 2.0714318752289
baidu: 0.15389585494995
baidu search: 0.28329205513
Facebook: 1.4006140232086
Google: 0.43673491477966
Google search: 0.55819916725159
hao123: 0.33089399337769
LinkedIn: 2.0869100093842
qq.com: 0.64557981491089
qq.com search: 0.1805682182312
sina: 0.91724801063538
taobao: 1.8332800865173
taobao search: 0.76933622360229
Twitter: 0.46414804458618
Wikipedia: 0.68123888969421
Wikipedia page: 1.3242080211639
Yahoo: 0.22773599624634
Yahoo search: 0.22438406944275
YouTube: 0.74456000328064
YouTube video: 0.45175814628601
Amazon: 1.0587229728699
Amazon Fire HD 6: 3.2747938632965
baidu: 0.23800110816956
baidu search: 0.45387983322144
Facebook: 1.8476519584656
Google: 0.44955706596375
Google search: 0.5057361125946
hao123: 0.31318092346191
LinkedIn: 0.93402886390686
qq.com: 0.99743795394897
qq.com search: 0.43111801147461
sina: 1.3339509963989
taobao: 1.128317117691
taobao search: 0.68306398391724
Twitter: 0.58202290534973
Wikipedia: 0.42438006401062
Wikipedia page: 1.2637250423431
Yahoo: 0.22342705726624
Yahoo search: 0.21055293083191
YouTube: 1.5443329811096
YouTube video: 1.12096118927
