Amazon: 0.97882103919983
Amazon Fire HD 6: 0.94625401496887
baidu: 0.36886811256409
baidu search: 1.6300349235535
Facebook: 1.0682990550995
Google: 0.43530416488647
Google search: 0.43766808509827
hao123: 0.76272010803223
LinkedIn: 0.83072280883789
qq.com: 0.59470105171204
qq.com search: 0.31570410728455
sina: 1.0412728786469
taobao: 1.1133680343628
taobao search: 0.72230291366577
Twitter: 0.56060814857483
Wikipedia: 0.59653282165527
Wikipedia page: 1.7057549953461
Yahoo: 0.43417811393738
Yahoo search: 0.22661709785461
YouTube: 0.79186320304871
YouTube video: 0.43392395973206
Amazon: 1.1326978206635
Amazon Fire HD 6: 1.0997719764709
baidu: 0.2410569190979
baidu search: 0.27521395683289
Facebook: 1.4203841686249
Google: 0.46866393089294
Google search: 0.61180305480957
hao123: 0.31640291213989
LinkedIn: 0.77127504348755
qq.com: 0.49902606010437
qq.com search: 0.18229007720947
sina: 0.9273521900177
taobao: 0.72541117668152
taobao search: 0.6971390247345
Twitter: 0.35239291191101
Wikipedia: 0.33063912391663
Wikipedia page: 1.5005099773407
Yahoo: 0.29056215286255
Yahoo search: 0.20168900489807
YouTube: 0.76188993453979
YouTube video: 0.41101503372192
Amazon: 0.91986894607544
Amazon Fire HD 6: 1.0018029212952
baidu: 0.24613690376282
baidu search: 0.40117883682251
Facebook: 1.696799993515
Google: 0.45568299293518
Google search: 0.56069612503052
hao123: 0.35240197181702
LinkedIn: 0.94755721092224
qq.com: 0.51692199707031
qq.com search: 0.13806700706482
sina: 0.89523386955261
taobao: 1.0713021755219
taobao search: 0.77098512649536
Twitter: 0.7949390411377
Wikipedia: 0.31724882125854
Wikipedia page: 1.6195578575134
Yahoo: 0.26733183860779
Yahoo search: 0.21394419670105
YouTube: 1.1672840118408
YouTube video: 0.58268189430237
