Amazon: 1.2121720314026
Amazon Fire HD 6: 1.0851669311523
baidu: 0.41107296943665
baidu search: 1.8051309585571
Facebook: 1.375608921051
Google: 0.47353911399841
Google search: 0.46250295639038
hao123: 0.94141888618469
LinkedIn: 0.91847801208496
qq.com: 0.66423106193542
qq.com search: 0.17432904243469
sina: 1.0439541339874
taobao: 1.1815848350525
taobao search: 0.83089804649353
Twitter: 0.45739912986755
Wikipedia: 0.45868396759033
Wikipedia page: 1.8652241230011
Yahoo: 0.26743507385254
Yahoo search: 0.23416113853455
YouTube: 0.76038098335266
YouTube video: 2.2208178043365
Amazon: 0.63022017478943
Amazon Fire HD 6: 1.1779730319977
baidu: 0.23743319511414
baidu search: 0.31608510017395
Facebook: 1.6705520153046
Google: 0.4494960308075
Google search: 0.50027704238892
hao123: 0.28569006919861
LinkedIn: 1.0260071754456
qq.com: 0.598965883255
qq.com search: 0.26983904838562
sina: 1.242880821228
taobao: 1.3667540550232
taobao search: 0.72125887870789
Twitter: 0.50584197044373
Wikipedia: 1.0076038837433
Wikipedia page: 1.3507401943207
Yahoo: 0.26178693771362
Yahoo search: 0.28799915313721
YouTube: 0.79407382011414
YouTube video: 0.81868886947632
Amazon: 0.88396096229553
Amazon Fire HD 6: 1.5713741779327
baidu: 0.19480991363525
baidu search: 0.27969980239868
Facebook: 1.3994698524475
Google: 0.66010117530823
Google search: 0.43733096122742
hao123: 0.24663400650024
LinkedIn: 0.90125584602356
qq.com: 0.63096499443054
qq.com search: 0.2253839969635
sina: 1.1019790172577
taobao: 1.4511499404907
taobao search: 0.71404695510864
Twitter: 0.37274193763733
Wikipedia: 0.37702608108521
Wikipedia page: 1.7044489383698
Yahoo: 0.24453210830688
Yahoo search: 0.23229384422302
YouTube: 0.72710394859314
YouTube video: 0.47125601768494
