Amazon: 1.0797271728516
Amazon Fire HD 6: 1.4702780246735
baidu: 0.14937615394592
baidu search: 0.26915788650513
Facebook: 1.2989819049835
Google: 0.46221399307251
Google search: 0.44791078567505
hao123: 0.22204399108887
LinkedIn: 0.8573100566864
qq.com: 1.0611870288849
qq.com search: 0.29648399353027
sina: 0.79666709899902
taobao: 2.6374650001526
taobao search: 0.80393695831299
Twitter: 0.40463805198669
Wikipedia: 0.41221904754639
Wikipedia page: 1.6877009868622
Yahoo: 0.18688893318176
Yahoo search: 0.22001504898071
YouTube: 0.71958804130554
YouTube video: 0.62039685249329
Amazon: 1.0722498893738
Amazon Fire HD 6: 1.8495020866394
baidu: 0.18799591064453
baidu search: 0.33959484100342
Facebook: 2.2175118923187
Google: 0.47056889533997
Google search: 0.56910085678101
hao123: 0.52807188034058
LinkedIn: 0.93515801429749
qq.com: 0.67066884040833
qq.com search: 0.24034094810486
sina: 1.0614860057831
taobao: 1.54021692276
taobao search: 0.67836499214172
Twitter: 0.38607907295227
Wikipedia: 0.32241582870483
Wikipedia page: 1.3670258522034
Yahoo: 0.24777793884277
Yahoo search: 0.22199511528015
YouTube: 1.6823129653931
YouTube video: 0.89497995376587
Amazon: 1.6712200641632
Amazon Fire HD 6: 2.5464069843292
baidu: 0.34849500656128
baidu search: 0.30818200111389
Facebook: 1.5453350543976
Google: 0.44259095191956
Google search: 0.58576583862305
hao123: 0.31773996353149
LinkedIn: 0.93288016319275
qq.com: 0.72052097320557
qq.com search: 0.21301603317261
sina: 1.2687890529633
taobao: 1.4584970474243
taobao search: 0.73807287216187
Twitter: 0.4562668800354
Wikipedia: 0.46932411193848
Wikipedia page: 1.5321140289307
Yahoo: 0.26219391822815
Yahoo search: 0.27364587783813
YouTube: 0.73961710929871
YouTube video: 0.58206295967102
