Amazon: 0.99060082435608
Amazon Fire HD 6: 0.93037605285645
baidu: 0.25373792648315
baidu search: 1.7507569789886
Facebook: 1.1907911300659
Google: 0.4834988117218
Google search: 0.48273611068726
hao123: 0.6932270526886
LinkedIn: 0.86499786376953
qq.com: 0.84815406799316
qq.com search: 0.19951796531677
sina: 0.90276408195496
taobao: 0.93777918815613
taobao search: 0.59398508071899
Twitter: 0.46515512466431
Wikipedia: 0.48570108413696
Wikipedia page: 1.6388330459595
Yahoo: 0.28769421577454
Yahoo search: 0.24498391151428
YouTube: 0.77819585800171
YouTube video: 0.43099308013916
Amazon: 0.58018112182617
Amazon Fire HD 6: 1.4888508319855
baidu: 0.30026793479919
baidu search: 0.53234887123108
Facebook: 1.3426189422607
Google: 0.42558407783508
Google search: 0.5156831741333
hao123: 0.47414112091064
LinkedIn: 0.75947499275208
qq.com: 0.501051902771
qq.com search: 0.18535780906677
sina: 0.94353818893433
taobao: 1.1635060310364
taobao search: 0.74071216583252
Twitter: 0.34740304946899
Wikipedia: 0.37554907798767
Wikipedia page: 1.6043000221252
Yahoo: 0.25906586647034
Yahoo search: 0.2047278881073
YouTube: 0.76531314849854
YouTube video: 0.40209197998047
Amazon: 0.52358293533325
Amazon Fire HD 6: 0.80424189567566
baidu: 0.22670006752014
baidu search: 0.3008918762207
Facebook: 1.2209470272064
Google: 0.68839287757874
Google search: 0.5233199596405
hao123: 0.40793800354004
LinkedIn: 1.098690032959
qq.com: 1.1093001365662
qq.com search: 0.25312185287476
sina: 0.88018107414246
taobao: 1.3019759654999
taobao search: 0.70088195800781
Twitter: 0.34961009025574
Wikipedia: 0.32199811935425
Wikipedia page: 1.4219992160797
Yahoo: 0.24422192573547
Yahoo search: 0.20851802825928
YouTube: 0.75304412841797
YouTube video: 0.42462396621704
