Amazon: 1.0399820804596
Amazon Fire HD 6: 0.97090697288513
baidu: 0.25880289077759
baidu search: 1.5887820720673
Facebook: 1.2570340633392
Google: 0.44434213638306
Google search: 0.47334098815918
hao123: 0.71024513244629
LinkedIn: 1.1199569702148
qq.com: 0.89074087142944
qq.com search: 0.45527601242065
sina: 0.89834904670715
taobao: 1.0653641223907
taobao search: 0.94057989120483
Twitter: 0.41264009475708
Wikipedia: 0.41729497909546
Wikipedia page: 1.7539119720459
Yahoo: 0.38054513931274
Yahoo search: 0.23633098602295
YouTube: 0.80611991882324
YouTube video: 0.93271803855896
Amazon: 0.65625905990601
Amazon Fire HD 6: 0.99428677558899
baidu: 0.25618314743042
baidu search: 0.34554100036621
Facebook: 1.4594988822937
Google: 0.56501197814941
Google search: 0.67738199234009
hao123: 0.34464597702026
LinkedIn: 0.75424695014954
qq.com: 0.7133960723877
qq.com search: 0.3278751373291
sina: 0.90351319313049
taobao: 1.0493569374084
taobao search: 0.78952193260193
Twitter: 0.38625478744507
Wikipedia: 0.38802814483643
Wikipedia page: 1.4604320526123
Yahoo: 0.25619602203369
Yahoo search: 0.28944611549377
YouTube: 1.3186700344086
YouTube video: 0.53927397727966
Amazon: 0.70098900794983
Amazon Fire HD 6: 1.0781710147858
baidu: 0.20966005325317
baidu search: 0.29430389404297
Facebook: 1.1673271656036
Google: 0.47851896286011
Google search: 0.64649105072021
hao123: 0.55643916130066
LinkedIn: 0.76916289329529
qq.com: 0.48526120185852
qq.com search: 0.16350603103638
sina: 0.9600670337677
taobao: 0.96312499046326
taobao search: 0.70036315917969
Twitter: 0.41970610618591
Wikipedia: 0.37595415115356
Wikipedia page: 1.4444699287415
Yahoo: 0.29598498344421
Yahoo search: 0.21419310569763
YouTube: 1.1987948417664
YouTube video: 0.6397430896759
