Amazon: 0.99829411506653
Amazon Fire HD 6: 0.97325110435486
baidu: 1.284656047821
baidu search: 0.69182419776917
Facebook: 1.0159170627594
Google: 0.47316813468933
Google search: 0.65899205207825
hao123: 0.77194786071777
LinkedIn: 0.8824999332428
qq.com: 0.83078408241272
qq.com search: 0.34003114700317
sina: 0.98610401153564
taobao: 1.0361061096191
taobao search: 0.66747808456421
Twitter: 0.38852286338806
Wikipedia: 0.4625141620636
Wikipedia page: 1.7270600795746
Yahoo: 0.30353021621704
Yahoo search: 0.25102210044861
YouTube: 0.69231796264648
YouTube video: 0.89023995399475
Amazon: 0.65448689460754
Amazon Fire HD 6: 1.5397441387177
baidu: 0.21857309341431
baidu search: 0.26390099525452
Facebook: 1.2204551696777
Google: 0.4486780166626
Google search: 0.53487396240234
hao123: 0.6858959197998
LinkedIn: 0.82001709938049
qq.com: 0.46009302139282
qq.com search: 0.17477917671204
sina: 1.1342158317566
taobao: 1.5165121555328
taobao search: 0.59763693809509
Twitter: 0.33264493942261
Wikipedia: 0.62350296974182
Wikipedia page: 1.4199509620667
Yahoo: 0.26970410346985
Yahoo search: 0.22016906738281
YouTube: 0.76317095756531
YouTube video: 0.5571620464325
Amazon: 0.67376494407654
Amazon Fire HD 6: 1.1652979850769
baidu: 0.25661778450012
baidu search: 0.39249300956726
Facebook: 1.2343509197235
Google: 0.45490097999573
Google search: 0.57183194160461
hao123: 0.34505701065063
LinkedIn: 0.9057149887085
qq.com: 0.52089095115662
qq.com search: 0.14797711372375
sina: 0.94045305252075
taobao: 0.93718981742859
taobao search: 0.68073391914368
Twitter: 0.34327292442322
Wikipedia: 0.26904487609863
Wikipedia page: 1.3658058643341
Yahoo: 0.30180788040161
Yahoo search: 0.85041785240173
YouTube: 1.0521941184998
YouTube video: 0.32273602485657
