Amazon: 1.0663189888
Amazon Fire HD 6: 0.93240189552307
baidu: 1.4584219455719
baidu search: 0.69612312316895
Facebook: 1.0833358764648
Google: 0.44224905967712
Google search: 0.49055600166321
hao123: 0.74594306945801
LinkedIn: 0.79465007781982
qq.com: 0.81833410263062
qq.com search: 0.3271119594574
sina: 0.90454697608948
taobao: 0.97553610801697
taobao search: 0.67199993133545
Twitter: 0.41073393821716
Wikipedia: 0.31762599945068
Wikipedia page: 1.6896901130676
Yahoo: 0.2782769203186
Yahoo search: 0.22341418266296
YouTube: 0.72680497169495
YouTube video: 1.979710817337
Amazon: 0.64241814613342
Amazon Fire HD 6: 1.517725944519
baidu: 0.24674892425537
baidu search: 0.28238606452942
Facebook: 1.2515208721161
Google: 0.40788888931274
Google search: 0.44748997688293
hao123: 0.25304412841797
LinkedIn: 0.79129385948181
qq.com: 0.5038058757782
qq.com search: 0.17658019065857
sina: 0.88577795028687
taobao: 1.1567928791046
taobao search: 1.0314910411835
Twitter: 0.32740902900696
Wikipedia: 0.28561997413635
Wikipedia page: 2.0204360485077
Yahoo: 0.49861478805542
Yahoo search: 0.24381518363953
YouTube: 0.8115348815918
YouTube video: 0.5748119354248
Amazon: 0.75491094589233
Amazon Fire HD 6: 1.1838190555573
baidu: 0.20609617233276
baidu search: 0.26527404785156
Facebook: 1.2140891551971
Google: 0.67382216453552
Google search: 0.46325707435608
hao123: 0.30215406417847
LinkedIn: 0.84182095527649
qq.com: 0.52461791038513
qq.com search: 0.13324499130249
sina: 0.92811918258667
taobao: 0.94636917114258
taobao search: 0.64998316764832
Twitter: 0.44112396240234
Wikipedia: 1.2556350231171
Wikipedia page: 1.3934688568115
Yahoo: 0.27016019821167
Yahoo search: 0.22211790084839
YouTube: 0.79567384719849
YouTube video: 0.45108294487
